128 128 8
59;76 27;56 61;28 62;92 60;52 61;77 104;56 60;31 47;56 61;32 61;52 62;95 72;59 88;58 61;31 60;58 50;58 45;59 92;59 49;58 64;57 62;62 61;36 81;57
55;91 34;60 93;61 35;59 52;61 53;35 55;32 73;62 68;58 54;48 89;60 67;59 25;61 54;85 53;38 54;43 54;35 54;55 100;60 54;93 90;62 52;51 56;64 110;61
103;64 59;62 74;110 74;117 73;44 75;94 89;63 76;59 106;63 76;64 73;90 54;64 53;62 76;65 36;65 73;109 108;66 51;66 74;81 73;48 47;65 74;46 28;62 75;51
60;62 92;65 47;63 79;42 82;64 107;62 64;64 108;64 77;81 100;63 57;64 80;95 77;76 105;65 67;65 78;45 80;79 79;83 65;64 83;62 92;64 74;65 41;65 86;65
49;65 63;57 58;66 24;67 63;40 51;65 60;23 42;63 73;64 50;64 91;64 33;63 61;97 60;93 52;65 60;57 112;65 27;63 97;64 36;67 66;66 81;65 61;63 107;64
67;40 17;60 80;61 23;61 77;59 77;60 111;61 27;59 97;63 65;73 68;72 66;99 65;34 66;89 66;98 70;60 67;110 52;62 68;68 67;44 66;112 23;60 68;100 67;119
70;54 20;57 71;23 71;41 25;58 35;57 72;44 72;34 52;59 67;57 44;60 73;26 43;59 72;55 72;93 11;58 72;35 61;58 71;59 72;94 46;60 21;57 14;60 70;97
81;59 75;59 96;57 9;58 90;57 55;64 55;109 101;59 85;59 53;86 49;59 53;42 56;73 83;58 56;37 11;57 53;76 55;95 54;44 16;58 107;60 44;57 56;99 54;72
52;67 106;56 53;71 54;52 55;77 113;56 59;57 51;55 109;56 53;96 77;56 55;66 52;39 52;98 32;57 57;57 51;51 34;56 52;28 81;58 52;72 55;51 52;44 43;58
67;61 66;22 66;28 33;62 37;60 67;111 67;75 61;60 67;106 65;114 64;89 64;79 78;61 67;36 65;78 67;63 82;61 64;52 67;69 74;63 29;62 74;59 85;63 43;62
