128 128 4
95;72 104;74 80;73 54;73 62;23 64;75 64;74 67;75 61;12 63;85 62;85 73;72 63;83 62;15 62;92 58;74 64;78 63;21 90;75 43;73 64;27 42;74 61;50 63;73
72;45 72;71 47;73 75;60 105;74 107;75 74;74 72;29 36;76 84;74 109;77 71;76 94;74 71;71 71;94 74;82 108;76 79;73 74;64 75;48 73;90 74;57 72;97 88;74
32;83 84;91 56;80 59;80 83;29 47;82 84;100 33;80 64;83 27;81 84;83 82;82 55;80 73;80 81;83 22;82 84;99 69;83 84;23 84;55 65;81 83;34 45;83 25;83
51;58 21;84 78;85 26;85 49;80 19;85 51;57 45;82 10;85 105;83 49;76 92;83 51;72 49;26 37;83 49;79 67;85 80;84 51;81 10;82 51;83 50;83 42;82 69;84
22;64 58;106 99;64 59;107 58;58 60;19 97;64 90;63 76;62 12;63 58;114 60;63 57;62 59;116 58;90 60;35 58;103 60;97 61;69 61;29 46;63 58;119 28;63 33;63
59;21 60;62 57;48 95;74 65;73 74;75 46;73 76;74 57;75 60;39 69;75 90;74 62;77 58;54 58;76 27;74 57;54 60;41 48;75 59;47 70;76 58;78 91;76 18;76
55;70 25;69 75;69 44;70 92;69 22;67 92;66 66;69 74;88 76;59 75;53 77;110 30;70 74;59 81;68 44;68 75;97 77;95 74;84 52;69 74;79 54;68 25;66 77;50
70;21 70;74 48;68 71;89 77;69 48;69 73;89 72;80 73;104 60;69 33;68 13;67 71;13 71;10 72;69 72;68 33;65 73;23 71;47 71;96 88;65 74;37 77;65 92;67
53;80 52;79 33;59 51;102 50;108 52;83 54;110 86;61 120;58 50;59 36;62 103;59 54;60 53;108 52;73 90;59 95;60 52;62 76;58 22;61 53;45 53;82 53;99 106;58
108;72 56;39 113;70 91;72 55;81 53;75 42;71 112;73 111;71 54;87 25;70 52;84 54;92 19;71 55;77 69;73 52;74 105;71 53;93 54;69 107;72 25;71 50;69 91;70
