128 128 12
68;46 33;55 67;86 66;45 68;92 66;35 67;45 67;84 67;93 66;74 66;37 69;76 87;57 74;55 45;57 70;56 79;55 68;54 86;56 31;54 53;55 68;35 43;56 54;56
62;51 65;35 52;62 90;63 63;97 95;62 50;62 62;99 100;65 65;67 42;63 66;86 64;95 65;82 63;69 80;65 66;101 82;65 65;101 62;83 62;64 94;61 63;62 28;65
96;69 24;69 30;69 27;70 55;51 54;96 53;48 48;69 48;70 38;66 55;76 48;67 82;67 52;27 52;54 78;67 54;91 54;49 55;38 52;98 79;67 55;43 53;58 53;91
85;100 119;54 85;79 49;56 104;54 121;52 84;100 34;54 84;102 85;87 82;42 54;55 33;52 84;76 90;55 83;76 114;53 84;38 84;117 82;68 82;70 84;44 39;54 83;51
50;103 48;38 62;57 48;33 84;58 48;56 48;75 62;58 49;99 49;101 49;57 49;58 48;58 57;58 62;56 49;72 75;56 48;50 58;57 48;87 46;59 50;93 49;55 48;59
14;51 61;52 50;28 23;52 50;79 34;55 52;31 87;54 15;53 57;54 52;57 92;54 50;105 72;52 37;51 37;53 98;53 50;75 51;63 50;67 51;64 51;52 23;54 49;74
57;59 23;57 50;59 53;69 55;45 51;56 74;56 52;55 52;56 57;57 53;68 52;94 55;105 21;56 24;59 58;59 40;57 53;11 77;59 55;18 69;59 45;58 67;57 56;44
57;66 47;68 59;42 58;83 65;69 58;90 55;44 59;103 103;67 58;45 57;44 57;90 56;21 56;62 59;68 59;41 71;67 39;68 56;27 57;97 23;69 58;36 56;104 28;69
77;29 76;14 54;73 20;75 77;73 76;73 24;75 74;14 77;27 68;74 76;45 96;72 72;75 76;46 75;41 74;70 50;73 20;74 74;38 59;75 74;44 74;13 70;75 75;33
79;83 78;43 79;50 77;40 79;94 91;81 77;75 41;78 76;78 52;77 61;78 99;78 79;59 73;79 79;57 76;88 29;79 114;80 91;80 79;91 77;91 94;78 76;59 79;43
