128 128 18
97;3 41;40 47;101 107;117 37;37 71;86 73;128 11;101 0;74 38;37
96;33 74;0 128;101 85;46 69;0 42;47 28;47 74;79 65;0 52;63
108;60 34;71 38;99 11;35 42;41 50;83 128;100 106;38 110;64 128;5
93;47 112;18 75;20 44;51 88;95 100;85 58;0 103;32 45;7 109;69
54;126 41;125 40;116 121;76 20;49 22;40 109;40 69;104 0;21 51;48
69;1 113;92 0;36 42;29 65;55 18;69 96;123 36;69 73;39 67;72
91;28 97;61 72;35 27;53 99;38 70;69 111;45 112;75 0;9 127;42
16;125 22;62 0;34 0;59 84;23 57;37 7;82 115;100 22;120 35;45
61;95 34;49 33;122 10;91 93;61 90;63 75;111 33;99 63;119 0;77
55;23 93;31 81;43 123;38 108;47 45;0 107;29 49;58 49;67 74;59
