128 128 6
111;95 125;79 128;99 67;75 92;74 77;72 74;120 73;32 80;67 125;128
100;105 64;79 36;16 9;128 0;59 3;41 0;128 30;128 77;125 24;55
52;123 95;125 77;74 40;100 62;68 36;88 45;3 59;119 35;95 69;128
85;35 92;87 26;84 0;74 95;35 73;109 84;60 106;93 99;46 100;119
29;1 100;128 97;5 58;51 56;59 35;65 81;128 79;61 57;108 32;65
69;42 60;67 60;60 110;34 65;97 85;44 15;66 33;57 0;44 80;96
54;0 84;78 78;114 39;27 54;79 95;34 0;55 89;90 15;113 43;117
91;31 25;54 0;96 30;59 0;99 25;79 72;75 2;121 64;48 45;44
70;101 128;81 95;124 85;113 74;122 76;55 72;121 90;57 128;98 52;102
126;86 33;38 110;25 84;52 128;47 61;108 123;0 84;14 87;25 86;57
