128 128 12
61;70 32;108 66;45 103;100 93;52 13;67 50;52 37;73 105;71 93;94
65;20 41;72 21;56 87;63 62;77 69;70 98;87 118;87 124;56 75;108
25;85 99;3 80;103 42;67 81;72 57;117 47;53 6;72 60;43 87;32
92;67 42;33 45;79 33;5 26;53 0;91 103;73 55;61 21;94 50;45
57;95 18;78 30;89 48;79 31;42 0;21 128;127 93;63 81;25 70;37
67;128 91;52 67;37 67;58 69;29 76;74 21;47 8;44 32;128 98;88
128;43 128;18 83;14 70;0 86;5 80;0 45;25 128;90 128;123 76;69
86;78 103;92 30;38 85;128 99;43 70;55 128;57 128;74 45;115 62;0
38;73 89;76 59;74 42;106 56;107 0;101 45;94 103;87 72;44 79;83
37;81 116;128 107;115 68;68 103;125 40;116 50;59 107;21 84;89 88;0
