16384 16384 128
6970;16070 14701;865 6975;10124 2736;9121 12144;261 10927;15270 15326;7951 12652;13397 6769;1918 12119;14105 7102;9092 986;15202 5028;1572 2222;4594 3614;893 3977;306 14001;14044 2572;10754 7128;11201 7276;13517 5469;255 12988;10681 15228;15461 1978;8380 2149;11988 11907;3929 10843;6507 8769;7227 9394;14270 7208;9159 3513;15390 10719;10815 6845;3976 9323;7271 7100;3020 6119;5277 5300;1054 2034;5696 4598;13979 4888;8228 10121;15691 5539;119 14487;9317 5682;13081 7053;10908 14057;8219 5918;11961 4135;13746 12029;5669 10884;7574
6139;2908 9937;4345 1544;11112 8685;234 8116;1862 6009;16056 14972;3057 421;10348 5049;4746 13680;6682 11438;941 16033;6626 13391;11727 14594;3640 6023;6671 225;5277 1248;3397 13764;7570 14356;5317 3106;16236 1328;13469 8656;2695 6432;3034 15724;13392 13776;12938 7156;9910 754;10134 9738;16337 2244;12995 4396;15531 11757;2652 14627;12359 14494;8170 1608;9320 10152;541 7087;1654 1323;16218 7606;8513 6253;9967 13106;16120 3912;4873 13536;9443 1776;1238 2462;87 12932;7864 10231;147 6142;6482 2541;137 5086;12192 11988;11210
5740;1665 13093;10446 9372;14035 6376;5149 4146;9839 11189;9583 3762;10285 12676;10374 1107;9180 6744;9161 10519;8597 2531;16195 15526;9820 5460;1579 10344;7969 2258;4854 16112;14696 5157;3133 2297;12976 13482;8594 16182;8110 7021;4506 9773;5850 11845;13464 11577;15710 5766;7228 6868;1755 2277;2114 5837;11639 15641;14406 7590;1515 3199;9224 10039;12228 16192;5326 5184;13057 1377;1315 3254;9932 15840;15003 3867;9801 1478;14496 15256;5742 4206;3022 2035;10395 13087;12426 9781;15621 1228;16328 4958;5312 6912;15528 4345;15171 8606;1438
16151;9746 8182;7480 10400;1879 16065;7063 3024;5981 4526;9166 12417;8854 763;133 7043;2138 14126;752 15940;12645 526;10507 576;8193 13898;3061 2054;12143 4280;6172 12502;5227 5479;9957 2358;751 12597;8192 9974;8717 6588;3683 12706;11291 13478;9834 694;3597 14016;1830 13061;13985 6880;2914 6772;4130 10044;10026 3765;11477 5151;2296 5579;12964 7212;4012 1764;5623 5408;1640 12646;6369 12515;14608 1159;561 10253;12183 492;11518 1794;7808 9193;4142 4561;9893 8284;14346 4464;13234 10272;12867 15674;6965 13091;6493 10187;7516
5700;591 10823;14545 15778;12877 12;8718 10216;11537 6844;12867 1988;11929 7969;13996 9363;9853 8246;13987 1795;4511 13671;10094 135;13279 3293;4404 14650;9011 11831;11200 8159;8180 4520;6983 6516;14377 16169;12433 2878;10262 4577;15546 15935;9121 13525;4756 998;6830 7796;15584 2263;8193 8284;7992 13259;14440 10055;7116 5004;12442 7017;153 13843;13211 15512;4251 1422;7453 7241;13842 9174;8735 13599;8082 6628;15039 1708;10534 12469;8270 14884;16380 15936;14379 2652;2804 12706;15454 5544;16196 14050;4569 13019;13606 10457;2945 10767;13478
11060;14324 4216;1410 8293;910 14114;11669 9943;15816 5333;6671 15523;7410 14966;317 12849;12082 8749;12293 6;6919 5612;11876 11645;5880 7905;13888 14292;8703 12787;3322 4031;9518 8892;8378 14923;14985 3216;12755 5094;13420 1860;14508 15652;3546 4672;10292 13518;11981 1899;384 7058;15844 14469;7051 8463;1406 11858;6631 8680;1597 7721;12177 1599;3670 6428;15274 9460;3338 12435;7095 15294;11561 634;11413 2607;13241 95;9275 11282;12221 12873;3711 13797;4507 3086;16316 8967;13490 16356;2850 4954;2780 4612;7934 7972;6008 6059;5550
6967;12597 14251;8466 11264;11352 10700;10434 6956;1104 15839;1021 8778;6686 2509;1654 4566;324 5921;6043 12911;3896 7084;3042 12650;14996 16218;7524 5592;12915 11605;10459 2729;11112 12401;5662 10827;255 4098;14339 459;8729 14903;773 4815;3085 10158;4976 15899;14222 8191;5745 76;15142 15040;3247 1138;4875 10713;13476 15432;6296 3840;12103 7428;12913 4684;15245 14195;16314 5552;8194 744;6635 9609;3401 13472;1485 2635;2662 11588;9711 604;3931 12675;10210 15470;6772 16271;1355 14379;13611 9377;10709 137;15980 8056;6571 14869;667
4222;9149 13797;6647 3433;9917 2286;14528 737;15467 13477;12693 11384;4542 4870;5184 7947;537 2546;8802 9868;15517 4948;10841 2243;12894 11190;14401 2075;327 13580;1812 11746;5531 110;8555 3840;15168 11400;13536 932;4619 15473;7333 14220;10106 4535;2779 5144;3480 10215;2990 4562;11021 5061;1313 12284;5625 9497;4805 6434;3159 6494;16244 137;6246 618;6461 10021;4513 3066;12346 3169;13413 1555;7958 11131;5087 10439;14285 2587;9557 13737;10086 4126;7221 15548;15504 4767;8535 8007;13596 8798;7438 11502;8899 11514;7275 7398;1551
14312;262 6243;13298 1192;8490 11883;5263 5823;8992 15083;16290 8936;8520 6880;13860 9861;3535 1372;9284 15257;440 2983;10988 8336;5869 6694;1231 1129;14380 2328;8045 5317;6506 2250;13648 9889;4191 8992;16150 10163;9753 16102;7659 8419;8768 8979;1015 11824;3709 12324;14630 10244;8749 10594;11683 15030;9948 12966;10285 15323;1897 2847;13929 3993;1343 14417;7533 15820;1281 10312;15191 14553;7525 10572;4676 7426;1029 1790;6687 4168;8804 12246;9143 9433;12041 667;990 7556;4478 16374;1593 8517;12256 4663;12906 9046;12555 4688;1657
9098;792 3238;2830 15191;10892 9302;837 15081;13599 9252;1775 8143;11735 6921;12522 10890;16204 5939;13951 13457;1831 8776;3376 3732;3161 1926;9214 15626;14618 3279;12195 14766;11388 2942;13635 16169;1862 5484;6089 6958;13500 8767;15217 4486;9733 11558;95 13955;9258 13775;7213 499;15924 15678;5158 6897;15733 2640;11697 8838;7463 12410;9790 9008;787 7346;15490 6571;677 12560;1467 2885;14018 1748;16217 4522;1964 5562;10541 8940;7758 757;14991 4952;4885 12955;1329 2482;8379 6815;712 14207;14866 12054;9652 15033;4398 12944;11078
10720;1044 7292;5968 13241;11670 13975;15023 14331;5041 5585;5190 15382;14696 11742;15756 5522;11942 11027;15724 14224;11639 12727;15383 8227;2440 1947;11457 1871;14365 9722;13885 15031;5319 7533;9724 1067;14859 9444;5567 6518;4597 10992;3367 5199;3449 5005;1172 1508;12843 11476;8923 1469;14227 2164;716 576;10163 14483;2342 11998;9366 4182;13456 910;11960 6113;2935 7580;369 12621;11979 14396;6612 2190;2119 5458;9832 4023;1552 344;10641 126;12482 760;6297 3061;4398 9164;7888 31;6445 9946;10481 4990;11811 1665;4559 6579;2290
14953;10573 13078;9700 4463;8413 7979;8092 4087;4425 15322;2193 12833;932 9165;14690 4784;16032 16381;2429 10246;14591 10872;830 8928;15835 4031;16371 3246;7996 13462;9194 5202;14711 12961;16034 2336;3998 12707;1360 2508;4053 7201;12809 6900;4132 2610;7751 4637;8495 3952;8887 10799;6098 11743;9037 341;10378 2012;5731 181;14957 9623;14689 2253;9185 4330;6164 13301;7193 14417;11311 2222;12772 14954;11600 113;1040 11204;15924 15222;7208 2763;11100 13939;4599 5419;11938 13804;1852 13075;15731 9988;12387 2791;1741 15107;12951 7445;14951
16203;10914 4718;9768 7260;5314 12084;9529 12390;944 8654;6422 1746;12469 5296;8766 8384;5893 14260;3341 12910;936 15608;1828 13353;9417 10150;10558 13290;7076 6118;15043 14055;13434 1313;14588 9775;2224 6334;5629 10045;13006 4539;10828 2434;11327 15459;9559 14745;6400 16333;10436 3365;11120 13206;1976 329;1299 13733;4690 85;15099 9519;13599 10442;13405 2293;10416 7828;7232 16351;13433 4956;2808 9625;14475 4861;13632 1576;13956 8468;15411 16100;13263 9616;11901 9037;10244 7761;481 1275;13137 3388;12910 11092;7173 10035;6504 9411;14370
6352;3516 11025;11138 13930;14201 4871;7147 2092;15963 8671;5730 14207;3226 4034;9095 1788;861 8440;3504 644;3548 10725;7720 423;12179 8394;7749 10330;16267 5966;8075 1133;8883 8029;12081 9419;14288 12245;14846 15446;7948 3946;13580 11385;14803 1731;8747 2348;12771 429;6538 6843;9003 14460;7324 5868;6048 1928;8954 1111;11882 3627;14628 11504;9539 3974;9764 8921;1922 5312;14293 2133;4820 12609;14577 11163;6301 12323;13953 12002;870 230;15319 13750;3702 3681;15638 11970;6530 5785;6949 4370;7636 11055;9111 14215;1946 14538;10444
8294;3222 3652;8735 8125;7662 3293;7058 10093;10902 7198;8510 636;6447 5252;7836 3731;22 10897;5609 10053;9626 4485;10622 7162;158 6052;6796 7793;11587 11771;5852 4593;2963 6988;2839 9171;6248 14638;7276 581;11248 14665;12460 12456;10502 11915;9704 13599;9031 4867;15949 11580;3010 3540;8294 492;5422 9584;1363 10964;6845 4227;596 10267;8639 14804;7832 13523;7917 15148;2461 5393;9978 15538;2617 8405;8048 11640;1575 5165;15187 2179;15703 3096;16188 9855;5494 9515;15425 15972;15183 11319;2771 14149;12550 9485;1330 474;11328
227;10680 4158;7873 5201;3566 6209;10719 3061;10311 14831;12375 5612;1741 2133;12067 15375;131 7537;2951 278;5489 8563;16006 11803;10744 960;13256 4004;2871 3555;10088 4450;2457 9923;14812 4813;6799 16068;6117 4381;7427 4830;5225 9834;10401 7172;8123 11853;11618 11047;12892 7201;8728 11760;11342 11180;14286 9443;5067 1295;13354 12771;7462 5583;2752 1160;9696 8835;13284 13910;5182 2046;6470 1932;14750 5052;5968 14091;7248 5884;14009 15334;15475 6049;11725 15559;9128 339;3713 2079;5587 10233;15860 16354;8308 11517;15800 6987;15298
5013;6594 14479;14382 4491;13607 8027;11439 3177;4632 8884;14894 13680;15477 7031;2779 7586;15643 1973;8694 7255;4155 14424;5016 11752;15359 6844;11304 11325;9822 2870;6433 4359;5800 8354;3520 9905;9653 12269;1045 15338;7207 14234;5047 6699;3985 3709;12013 11484;572 7822;5480 10326;14987 10994;11030 2743;13703 5846;15117 9317;4272 4927;11541 7091;14123 10176;7549 9435;868 8475;14990 1228;15804 9641;15251 11037;6626 6649;561 622;6081 10871;9628 15140;8153 15036;942 14817;2455 10481;5600 9457;3030 12257;6899 8968;2039 12112;12736
6285;13920 7927;7969 6476;2907 2452;9634 9623;11279 14561;5141 8685;305 16143;12839 15915;1724 4334;10686 9695;6512 8904;5990 15648;2811 10065;13116 15365;6430 6425;4193 1543;2320 14757;7081 12644;13046 4302;1555 7811;12672 16234;11712 15100;12729 14792;1808 5675;12165 15422;16293 11627;14477 15840;9851 15111;11336 1084;571 13838;2068 11637;10834 12249;8321 13188;4325 8068;3869 11053;9842 133;2655 11435;11229 11606;6360 12057;1905 2230;16280 13734;1315 1819;8917 13383;9752 10442;9661 15871;13550 3494;3879 4027;259 7071;6872 15629;2300
675;40 2714;12449 2035;2886 10769;11902 10920;13609 9636;3588 8174;4831 5022;13504 618;14548 10043;6997 1943;6203 3948;5061 15759;6981 68;513 5215;5010 7913;16285 5808;2894 12502;12295 15648;9085 14551;7857 13912;11471 8102;928 3083;13105 10997;14080 10075;470 5109;2461 2266;2117 15103;5008 11619;10123 11479;6281 11101;3639 4551;116 8966;16382 2889;2158 11348;10388 3448;2694 890;11366 12774;11208 767;13754 7610;11195 13231;13348 5741;1146 1346;15640 15777;15364 16009;7980 3766;13591 13999;1662 1138;6988 1713;8940 7332;9031
7148;2208 6462;5820 12429;2944 10567;10033 7710;15993 6271;2375 13903;797 14849;14307 12789;1390 11992;9428 14119;1232 5903;2769 3510;9981 4047;11895 8898;7994 13483;4730 150;8666 435;1682 8568;14177 15798;11384 13710;10641 15610;4602 2206;13178 6212;9742 5013;8866 3985;2113 2772;8309 10497;827 992;9552 6358;1812 8907;15790 13788;10659 12097;206 1571;6545 14166;9131 5037;13924 14872;6865 15181;8025 9705;13657 1448;7078 12139;6477 1613;11290 409;13088 8704;10163 8502;1219 8311;5964 8994;8673 10577;3321 3414;1031 4871;16240
9804;277 2856;10423 3243;13069 6349;843 8354;1183 3145;6613 14983;10369 2538;8285 15549;12372 12290;235 6379;16025 449;702 13622;3425 8291;13955 16072;9787 926;8624 10604;14845 7451;10905 5116;11159 9525;16303 13777;3797 13474;13863 1746;9856 14817;5141 6546;15868 13765;11424 15883;4231 7605;176 526;10477 9308;12533 4662;11780 4436;915 5278;13600 1690;14115 4108;6043 7506;4930 16002;8103 7248;12481 11806;965 9451;41 12923;14821 15609;10486 13848;12559 13649;5206 2677;5007 13389;2282 11016;999 12611;14304 1112;7778 510;9208
11263;2970 15456;7501 16124;4810 6856;102 15208;13274 15719;10270 15774;1415 13947;5676 10651;10752 12710;6983 1423;14287 4290;13244 10619;11838 8102;11404 11174;13634 3661;7623 3431;10958 15019;5810 5167;3180 13322;5234 4557;15448 15322;12539 2498;6072 2236;11786 12988;6368 6567;12680 7417;9951 5484;11462 4317;13079 6514;3271 16352;8632 1105;6877 8744;6798 15056;8528 16148;14105 6506;3314 4531;10690 12138;3552 6499;5175 11193;12663 2533;5450 13882;11292 1867;14805 8432;2134 11135;8239 939;14479 688;3778 14817;932 11245;7133 9349;11596
3582;2073 14422;10404 15355;10885 15463;795 6961;10596 4971;3096 12394;15712 9276;10535 128;14512 2724;15530 11515;14537 248;4742 10681;2855 13102;4433 2510;2722 11725;13405 9222;2449 5878;10517 4847;4048 2229;16049 325;13330 10236;11708 6425;10304 5231;13888 8218;1969 9786;8468 4660;2500 13609;9174 9373;12302 8664;8767 16362;839 4536;2828 7755;10916 16123;11436 14732;13437 5724;1878 13778;10488 3056;6651 3783;15977 14741;3265 3510;6771 5521;8972 16250;9034 13970;5614 195;3519 12876;1180 15619;11767 13698;2075 6013;5534 13916;16036
4229;2598 3051;303 11752;1160 12383;11707 6402;14375 9246;9239 4944;11536 10337;12575 7323;14578 11678;594 11088;7724 9974;14066 7710;12341 15253;434 2301;3126 1538;7465 4446;3033 11012;2180 6801;120 14162;6870 7864;495 3221;6663 3486;853 2558;7182 12073;10129 8771;6232 4316;15824 381;7859 12328;1048 1124;8384 2657;2472 3730;13638 10128;5916 13528;8883 14207;3996 9184;6505 1706;1788 2869;12539 14976;11759 15626;11723 12892;8495 14230;6412 6994;10796 14842;13495 12140;13819 7565;2640 11995;10975 11062;5422 1978;11005 15527;1255
14319;8037 6255;4004 5676;8574 15918;9307 9521;5538 9555;14002 11601;16111 5393;10467 3577;1687 1079;10184 1369;1936 7874;7848 103;7340 8751;5131 1150;3246 10273;12507 4483;8101 8956;12082 3504;12581 7528;4799 12491;3155 8025;4166 1830;14578 15954;14238 16163;9937 8935;13652 1045;14757 13492;3785 6478;4065 9141;12321 8687;4803 7695;10177 9529;4147 5972;2241 864;6036 15534;15960 163;9309 9777;5775 6408;1124 6227;15877 12307;8117 2292;14268 8196;15182 6708;1953 7035;13223 5814;8937 9822;5607 8876;13043 1560;5276 14139;5537
15313;6849 15245;8983 15999;3485 1861;5878 15952;5946 7462;4554 733;7652 2217;11035 10116;16241 16153;13140 1458;13663 13164;10997 10677;2017 8735;730 7736;3534 10437;14153 137;11615 9055;9005 16164;14504 9193;13650 8879;4671 15690;3881 3654;644 4330;10152 14440;14382 7484;4243 10042;1823 11345;3120 8823;12406 10510;9104 12687;14789 14983;11486 13462;7503 13114;2346 1150;6 315;1795 3639;4339 12067;6381 4011;1486 14460;4697 13229;14409 15214;8165 12512;11186 9368;1477 12497;4199 2841;2028 16044;6448 13768;16064 10036;10257 6652;8278
7732;5965 9697;9230 12170;8070 11411;11783 15021;8148 5964;863 12030;14996 7819;9963 9362;2234 13604;15921 10192;10817 14138;10760 15840;6943 16088;8222 9348;13602 7736;8964 10195;75 1441;11765 9187;5797 7769;5508 10050;14106 11654;8897 9322;3921 10336;2494 8875;16128 16170;9562 5224;12636 14938;568 15806;3768 803;1661 1001;13943 13366;16099 9534;1607 15167;3315 15671;7565 13748;8252 7554;5448 6395;15068 8189;12226 9413;14901 5426;2177 3305;3210 675;7869 12242;5082 7738;6875 13730;14137 13537;11996 504;12074 15643;16144 4148;8954
1625;4562 13217;168 16240;8669 6201;256 11071;14172 1116;15631 14699;7356 117;13455 167;11276 8134;4097 10619;15304 6355;2848 2433;7788 4403;11546 4357;4663 4688;13495 1307;5466 7829;14526 4332;8910 7146;5092 14077;877 1494;1393 1800;6825 4193;4550 8165;13431 3011;3680 2698;1747 5954;10241 16156;5359 12094;13834 13345;1606 14248;2201 14933;613 9688;7567 7561;838 9712;12350 684;14430 3250;9764 13705;14622 4750;1543 13356;15287 10549;7166 8814;13351 10636;12333 1234;10832 15118;10219 16180;5087 4104;15361 8201;1348 13069;12632
15453;8256 14003;7010 581;11582 9848;6338 8108;15579 5340;4304 4287;6848 2508;8209 15069;11846 2735;10239 66;7444 8528;13176 833;16110 1296;3604 9616;7285 10645;4878 12791;6961 2142;922 427;15637 15730;6964 1224;13498 992;13669 897;4854 12823;5852 5908;10175 14919;4463 4112;5804 1612;9352 6590;13764 10122;8457 10659;15961 5184;1098 12311;12998 6150;5876 1651;15968 14798;8917 10253;15314 8108;5777 3597;1764 7647;8777 8932;14071 3262;15798 3211;5605 7635;71 4868;13912 2940;12542 12907;9585 137;1299 13231;8576 15623;4003
12119;8298 4245;9671 3593;460 16013;2310 7368;6477 12998;12507 16214;14278 2470;5272 1614;16258 12649;14764 665;14704 12707;282 9166;490 2122;1441 156;613 3612;13954 4593;11990 171;14935 6103;6360 7609;6966 15351;12784 8362;14968 11679;13075 6101;4683 721;5205 5138;15267 10643;9154 16224;16035 13152;4582 2314;11817 15285;15285 5331;7125 5697;15084 15817;3115 15527;2555 28;4971 2801;10392 12328;4905 6146;3213 14244;15019 14099;3572 1116;2401 16130;15670 1099;6640 6771;7955 2462;15553 8798;12164 3696;1425 4184;11039 2398;10136
8436;12085 6908;9188 11584;5626 16173;5097 14496;13924 2880;764 32;8455 15482;13492 5676;11749 3608;5525 1641;8920 3474;14600 8348;12911 15241;5166 6138;12385 14777;6894 3058;5028 4295;5308 14727;2716 11067;6512 7772;10963 11484;12649 6602;9653 12302;10827 8973;381 2595;2900 1698;4122 5791;15870 1269;2127 15611;7405 7716;8614 12010;11737 15102;6587 14812;9252 9969;11206 10792;6421 4025;11246 4826;12946 4899;9740 14406;5126 7344;12362 13671;10039 14514;842 5179;6635 4629;9952 16201;15004 184;15689 13748;11916 4810;10090 15151;7229
14330;13940 4204;2919 2981;2375 565;9489 319;4734 11727;4418 15699;11880 6661;6300 12898;6175 258;1020 12005;15969 13262;5129 7179;4186 6313;5383 11998;6223 10995;8027 9159;10298 1445;11577 10342;11139 3701;6906 12208;7237 12503;1306 8479;245 6933;14637 10739;9666 11843;10305 13389;2131 6152;6284 6808;1092 7956;15521 3830;13772 920;10722 15667;3630 10029;5681 4211;9759 10306;4495 3893;13748 7919;15048 553;6451 3679;10775 7178;8322 15719;2374 6398;7202 2733;12963 644;4616 14819;13067 8770;13662 9292;2664 6090;14811 6248;9672
7507;3860 14684;7851 8775;14550 14142;8159 4886;13767 9260;9945 12285;8662 1932;14349 15232;2491 12056;12375 337;7107 7879;7623 12499;15503 8133;4031 11026;7211 371;1529 4198;7300 3817;5192 10190;13229 11319;5281 14159;2508 7395;3738 6595;5713 13021;8635 2521;14934 7784;8719 13666;11262 4373;13662 8964;11090 6399;11514 13207;1612 15224;1031 10715;2147 4555;6700 909;6842 9155;4653 6497;10778 3275;8939 14902;4482 13864;13174 1933;5906 9918;11978 13732;6971 6350;5826 9912;11306 11794;4997 4595;4275 11069;16226 7541;14879 3257;15710
9474;8544 9546;10001 8047;81 11745;15636 15634;2024 2633;5151 12647;13725 6254;7926 5925;7009 10140;10889 13006;2606 12479;811 10266;10201 2462;11875 9608;13913 134;13736 11208;14416 13677;2383 15710;1064 16232;14554 13602;11995 2490;13360 16221;2800 8559;7342 12489;10499 11210;8760 10361;3441 11601;4132 13364;16228 6673;14610 13218;5252 1661;8527 2634;12767 8281;16063 9590;14970 13266;5589 13912;621 15864;13193 1117;9199 13902;10912 7349;8940 4397;2969 4743;7420 16192;7945 10733;10983 3829;10755 16276;15004 89;13913 9836;3232 12647;7026
5771;14986 11351;3667 11737;12646 6925;7456 11346;9240 2466;4159 14352;1912 12372;14857 733;9992 13308;5904 2445;7385 7268;13605 13378;7892 5826;10863 14348;9149 6517;5590 2136;14642 732;9312 14393;12082 10514;14582 6087;2588 4386;15511 8343;6181 11080;1465 3527;3909 15286;2546 13547;2952 14420;5224 14959;3871 1388;4115 9631;1336 668;12595 13824;6622 8572;9435 13696;11202 7061;13249 5621;15043 6419;7856 12355;8910 14520;8442 9037;8911 10233;4607 711;15348 2375;15039 8627;16145 13646;10860 7916;11930 4669;15819 1613;1540 10340;8335
6993;12648 5936;7369 15489;4436 9530;13342 14023;12588 7363;918 1665;4764 14455;9781 3999;13025 707;7347 10032;7023 9465;14001 13712;12103 6423;12083 4616;2578 8577;6960 1258;10480 9459;14767 7515;13930 8286;3483 12611;7752 4150;11280 8966;13174 13787;9286 3345;2948 12224;3957 6822;9176 7853;11208 13217;12486 12584;2218 2161;14526 600;12393 372;861 5072;12333 6830;15506 6503;2461 16356;4590 5453;14068 72;1075 6743;4234 3787;13504 11051;15707 8480;2673 15538;12216 12350;9579 2476;8031 12662;5136 15255;12001 8178;2566 2124;1549
6306;777 3724;1194 6510;8694 15043;3096 4838;14833 2197;3143 5553;5056 1639;12511 5603;6560 15246;849 8761;7300 8488;12985 3643;15538 5879;10589 14702;5188 14785;14014 3404;7739 1701;58 15589;6622 3284;8721 11270;4649 4161;393 6383;3348 7594;13679 2363;8109 6716;9139 12462;15623 11602;6820 5971;10006 8909;15799 14600;9112 7688;8008 11902;1713 14442;16112 8486;10257 13387;5950 1727;11006 228;1330 3383;13220 6845;3612 7538;8299 2155;8641 412;9654 12585;3049 6429;5762 11269;4598 8761;9596 709;16363 15779;3464 16265;5972
8831;12641 833;8527 13149;8512 2711;12068 10681;7544 9509;619 416;3305 8897;12234 1688;13264 193;12896 11823;7773 1439;1864 5307;6983 5412;5180 12710;5929 8229;15461 11862;2678 12381;4709 8413;13490 11466;10299 11086;7858 214;313 2679;295 15621;9474 1843;12113 13188;8537 6073;10576 7821;9009 3794;10284 5896;133 16071;7172 6086;15364 11455;5956 16295;13456 1067;12844 13019;11854 5523;10903 6838;6512 10543;1968 14952;14127 10716;7512 993;6613 13265;1665 9591;11882 11571;1302 706;5624 15481;12074 15567;13199 10245;4174 6553;15066
7572;9169 16143;3659 12806;6713 733;2255 102;9040 13257;10754 14913;14538 7564;9947 4548;15512 14916;2586 10599;6831 7293;11323 10533;2841 11165;14983 12907;11848 4097;2250 7184;1843 8976;5198 3361;6591 5453;8403 5873;7871 11215;13503 11792;4220 6474;4019 9359;8973 11811;15038 5551;300 12713;4411 3144;9260 466;738 2467;15189 4393;3985 7855;2438 1744;12667 12663;15091 4186;354 10424;8783 4437;7643 10103;3005 9988;8283 4908;341 4347;10570 5918;9794 1680;3852 13810;394 10112;12253 14485;2720 2211;377 5097;2487 7495;6216
8387;11888 6434;10674 5526;3977 3970;3162 13783;5336 9674;1950 9968;13300 3428;6694 7664;6433 12742;1979 7425;7083 9839;8779 14013;5527 11874;6900 14086;8370 9979;3687 2842;8809 11771;7941 11836;8952 11286;3980 5204;10580 10663;2955 6099;6075 4673;6735 7016;15435 9622;9969 6838;250 3942;15162 1551;16248 934;563 11105;12165 792;13522 1021;1977 1813;10607 7944;7099 13221;7299 9860;4220 12250;5030 14082;15110 2676;8778 13814;7558 10147;10720 1202;187 11588;5271 3673;16057 15888;15395 13794;13188 3525;1517 13684;15522 9429;9919
