16384 16384 64
11665;5162 7762;12948 823;6971 15136;2332 11255;6510 7578;2924 5653;4641 598;2966 1273;2265 2416;11048 8163;12476 8445;1519 5517;6570 5601;4832 12359;1335 2465;9478 1483;6322 2520;7274 443;9194 1526;1521 12488;1649 551;5519 14096;4814 15535;8128 14438;11899 4410;8471 11249;15387 15745;15407 1339;4219 1147;13116 14896;8107 13608;12909 4534;7510 1019;1595 11404;15342 3375;13563 12073;9232 7397;6215 8248;6449 4113;4306 13248;4959 4626;10776 3209;662 11435;14738 11874;11979 2724;2654 4347;2719 10360;11276 7821;16287 8342;89
40;14864 12959;3627 15539;8976 11785;7456 9960;14722 7689;9 8049;8442 742;8333 1269;10169 3113;4220 14766;12248 10264;13422 5507;8186 1262;13371 3279;13344 216;1510 7179;13694 7435;15425 14845;8850 14042;15047 12997;6765 7640;5619 7326;14036 10317;9629 3607;2533 9927;7307 2105;10495 2979;12636 4440;7968 13169;12724 8931;13839 10150;574 10096;1074 5151;12040 9488;10565 6541;1 6675;5363 15289;4651 1834;7498 12263;8658 6683;13245 1933;16338 5381;9731 6724;11023 4598;8223 6900;10841 15885;15620 7081;3253 13269;8023 2650;930
2466;9353 1775;5340 15290;14928 9846;12589 5493;15895 6537;15248 5642;13221 14984;13849 13350;2852 904;12651 448;11372 1285;13365 8514;14468 6071;6643 7603;11722 5417;724 3988;11668 14876;4494 5988;16380 2809;10265 5708;8964 11925;953 10592;6397 15327;15939 12370;15724 9352;11328 16156;15868 12334;15366 8706;4577 2283;9110 11003;13415 4781;13665 10036;5297 582;2970 9102;4482 15765;13971 3224;15038 1785;6169 13237;6085 5334;6517 1547;4260 14475;910 12721;9202 4233;8742 13125;13238 6906;1489 10189;11420 15880;3648 5029;12903 6775;6352
8639;2182 4541;3697 10628;9038 7342;15373 2135;4591 9926;8330 15655;15303 6067;15689 7522;3537 15900;11621 3652;6063 4709;4808 249;172 12554;11008 4906;16000 3888;2167 12420;2699 7999;4501 9230;15068 11476;9995 10185;1712 9226;12119 8200;4849 1004;4524 13177;15410 4485;5057 14673;6687 13478;7254 7355;11847 5216;10743 9644;11651 12870;4656 7082;3329 13833;9686 12068;13925 9937;2323 14214;10294 14094;9689 4362;1966 869;13581 8631;6092 11848;6457 11451;5066 16005;13166 12586;3776 15721;5806 12504;4999 7323;15116 10811;16161 16226;7817
3387;15949 10721;1385 14223;5819 5963;16291 15845;12040 2432;6165 8081;11856 15194;1167 5578;14708 10319;7590 6418;1454 14944;11288 705;3487 15804;12481 10933;6613 3482;15518 639;4385 4083;8947 13839;572 3104;275 12543;3543 11637;7587 14605;5481 2476;10802 14182;401 14347;227 9810;5448 3124;11478 12791;12541 14775;6765 15641;5558 6485;1050 9298;11325 1815;13045 199;12716 7687;15026 204;10978 12057;1780 6181;13211 10388;3280 10496;4109 8627;1233 12967;6310 3727;4499 7198;16367 5330;8170 6922;1774 11578;10288 1922;14965 14545;11616
5379;12429 13660;8819 7454;9968 2457;5550 3005;12062 10323;5238 13193;10196 13673;10871 11811;9330 3538;3434 540;9548 11589;9900 7659;7954 16193;3277 3024;2242 16141;933 3293;8756 10115;770 14994;6935 5165;9182 3249;753 2704;6916 3127;8852 7127;6571 11244;3368 2833;10219 661;13682 765;1244 759;5428 14429;7829 1569;237 10143;10485 2840;15202 12745;258 7136;15575 12495;12818 283;14756 8399;3892 11636;11871 8264;9407 11440;5010 11791;11688 12858;13704 3408;10859 11610;13233 10701;137 2063;10817 1367;4381 9363;8581 8814;13951
14669;2106 2332;11091 15692;3679 6381;11603 3476;4456 2276;508 10093;14121 9537;13935 4640;10403 7852;15 9810;3097 12462;4082 1514;12337 3933;9416 2041;12343 12169;9238 1498;12332 6368;8008 758;13238 14251;3605 13278;13194 15625;15148 4082;11904 13248;381 9254;8941 5745;15441 6995;4424 1907;15893 6813;12027 3656;11329 9056;9398 15398;14406 4826;5235 1777;12849 15953;152 272;2896 11092;11795 14697;4910 7029;1480 11575;10228 7496;8918 8349;11941 6669;5904 1375;10 10612;1660 6005;12265 2004;12076 2861;11468 4364;15856 3038;757
282;847 3837;15047 4977;8578 4701;8567 841;9003 8205;9462 13845;12371 894;128 2724;14432 3078;5270 7667;12952 5691;3757 2825;10824 8308;14820 12364;8412 9899;1851 15311;14947 5532;16157 3923;4337 1027;9150 1387;12574 11571;13354 6351;484 15243;11312 10174;8968 8919;8132 2521;10792 8991;2762 9964;14481 3978;8084 7302;9433 8097;7527 13500;13168 5593;11878 4677;1035 4244;1354 8976;12035 3638;1487 11798;10199 9467;10793 13446;2498 96;7424 8402;894 10529;3106 5935;1998 14582;1284 6522;13110 6381;5289 15636;4145 15862;3888
2756;11911 11433;7359 7514;10096 2346;2362 1796;15731 13208;5091 12538;15350 531;9883 4705;7977 6379;6375 13574;14966 13546;11700 15303;2808 11613;11019 9246;12640 14304;11031 11098;7642 14681;8064 12269;3237 4811;3313 9635;8231 14468;15617 3042;9184 4507;5058 450;6284 10779;1057 4262;14116 11401;1241 130;6966 7489;380 10276;1944 9682;14272 4462;11530 3190;2909 2423;15089 7762;13616 9037;11424 13785;584 4867;10834 14410;11312 7108;15502 10840;4650 2285;7688 8371;16046 604;8991 2302;1522 9690;2639 3240;5500 2602;15903 1782;1521
633;8489 7030;2049 13578;542 121;3779 8478;149 8383;12813 2720;1624 6864;4961 8454;9271 7935;4003 3378;6184 14817;4922 1326;5314 11416;9272 13642;14847 14571;12883 4522;3865 8825;4001 3537;2933 12233;5802 2601;4232 1596;435 2016;8689 6956;13430 5116;5436 9431;14806 3908;4707 14545;1880 9373;10446 1881;11818 1555;5633 5118;15523 16062;10698 3633;4801 7930;3665 7000;2216 1374;4696 4670;1908 3104;13550 8975;1349 9792;14937 12379;12346 10402;15968 13063;3899 559;6146 5373;10435 8712;8093 11136;7034 4843;1573 967;8934
13999;87 9917;13473 5465;2194 10218;2943 7442;11552 2325;13604 13694;10275 16225;4068 6275;5544 11477;10523 8843;4694 9748;2886 7662;3616 702;1944 1948;10564 10490;160 15378;8810 6985;10492 11826;8701 7539;4985 14649;5422 6206;1404 1537;12739 15486;12143 2217;7345 612;7233 13887;6989 13433;15310 6279;6728 10547;10559 13043;11978 2034;5610 2498;8621 3993;1412 6546;371 9173;6785 8663;12134 13080;12914 3687;652 6650;1074 13999;10015 13926;10043 15532;9406 8582;4580 13192;7186 9408;15363 12910;5481 8519;1615 9780;16074 7587;1161
6378;11264 7178;7912 694;5702 1256;4431 316;7478 6835;7594 15200;8696 3803;9191 9534;4029 8901;12153 10835;11825 10752;10265 5003;12639 11260;5483 6647;15147 9753;14821 1391;7324 6836;1504 14377;9014 280;9519 5275;376 2375;13978 12344;9155 16305;8560 11908;5041 7259;12176 1797;6122 8780;4617 14944;1189 884;8975 9270;3066 8803;2074 11844;15929 6554;5489 12986;6977 12330;10580 1967;14163 7413;7282 12949;687 9138;13393 845;2827 10599;11052 13601;15534 74;8229 1592;15781 903;15783 3297;4994 1112;2866 13463;2962 5875;1079
14625;8613 2887;4615 9864;144 3228;11417 1327;12501 789;15489 5542;9812 4792;5102 12945;4547 8670;13849 13340;7022 4704;2660 5443;8232 9155;14858 9662;5424 8992;7972 2086;12425 9529;714 2918;12340 4017;10173 3937;7753 10332;8541 14384;1299 13073;9478 7774;6631 139;9859 16284;14395 6276;950 1586;12740 14958;15633 4954;11595 7175;1368 4192;6086 8654;15140 7845;10182 3399;6926 14991;8540 730;991 13569;13471 2521;10752 9656;10006 12210;6768 297;14807 9941;3454 7286;1188 11678;15271 10573;14778 5767;14831 4666;359 15090;14624
5159;15072 14612;8102 11666;9400 6083;9844 8938;5443 15195;7019 3753;8736 10411;12023 2810;10236 2682;8003 4918;8937 9700;7921 528;11215 13837;2992 6045;15471 5131;4534 9987;14485 7742;12205 9699;7079 135;2860 14472;9457 16242;4568 8451;6252 9527;2225 877;10474 3849;1197 3125;15232 13543;2787 14504;7768 12800;4882 3067;3439 6971;16260 4873;6869 6300;4549 12088;15384 14304;1984 7495;12355 15863;3700 11592;3959 1933;7512 15825;9112 11838;13240 5714;16232 2325;3452 14521;6542 2381;1484 12819;1376 14439;10052 3220;7123 15232;6743
14505;16099 13407;4007 14500;10616 6458;6657 12646;7864 4263;13125 4300;2135 11820;14586 4558;1242 12126;923 3283;15593 9151;8389 14282;7710 2728;4693 13809;12669 9906;719 2093;9716 4411;13302 16171;9548 9858;14716 7090;3880 9348;5900 11060;16153 11577;14853 12969;12419 8928;13356 10842;3866 8619;10187 10264;7451 13177;8034 4859;12014 2459;5858 3047;2152 1290;6577 15786;15849 5240;14599 11190;237 7279;1785 9843;15330 7155;3484 8443;9367 10962;8503 15302;13309 6482;15223 15047;15413 12258;10419 15088;3002 5115;14332 2435;9437 9842;9627
8777;7109 16324;3228 12558;5935 9990;5282 5981;14668 9515;10762 14169;13827 1544;3782 10397;2165 582;1264 641;6180 16336;8457 1994;4487 5427;13923 11162;14709 16114;7777 901;9388 13669;1776 10318;10633 14001;15459 7316;6359 995;10606 7990;10149 9437;42 7098;9322 3859;14239 14456;9568 6955;9703 1019;12124 2305;147 11522;8719 11159;1169 9596;4256 9037;9768 13765;15314 15826;13082 11079;10603 1892;9220 2865;11131 12480;10955 1856;669 13496;10523 9802;10908 13640;2107 5660;13058 4759;10407 8771;15482 3007;8405 15611;9398 14023;14011
15982;15323 14557;10617 6584;5018 1303;8325 3962;10683 8731;8043 9929;3769 8169;16111 11795;413 3557;2800 10831;10392 9618;16242 8390;4768 15831;1980 12395;5136 10494;3120 7879;1275 1723;1455 10231;11358 14479;6717 6180;3585 9227;10503 16275;6429 6361;12880 12276;7623 4258;5986 6677;8162 7421;1512 1127;2746 10749;5108 5960;1729 14696;4084 16317;10702 3848;4857 1624;11548 4490;7569 15759;6820 1538;8695 7785;12501 5252;10752 3642;6356 517;10245 4560;6066 84;13428 4765;7522 6884;5708 14049;1736 5730;9741 2399;990 13857;10014
6694;4726 12265;14919 14009;402 15238;16129 5119;9088 13353;10783 3846;1404 15096;10460 13420;3943 13916;6172 15356;4552 9333;15285 15802;4849 13203;10254 13280;2369 8082;15872 63;8291 3492;2962 10659;979 10760;4172 12001;9040 13037;6616 7255;2090 12713;3606 15574;15944 9796;1545 15244;16384 6280;10591 15471;6078 3685;13763 13922;10326 15931;2873 3508;3279 5865;5807 6556;5765 1169;14476 13203;4812 316;8016 8613;13731 4406;8326 7629;12539 1693;9357 5142;6394 2487;3765 7416;3669 8338;7172 5089;10619 12947;390 3654;4090 12251;16139
13241;3585 13680;6641 4812;14075 3633;4424 2069;14257 7812;68 8027;3309 6713;2740 11120;13529 7179;11645 6090;365 154;4505 1527;5776 14038;4207 295;6882 10444;4226 14622;3884 5644;14668 7521;3856 16205;16173 4092;14292 11190;7465 14966;14782 6992;13649 1056;9967 9130;6086 9920;14405 12355;2527 1477;10448 6490;6084 4997;13208 8196;8130 1864;1651 13455;5880 13984;4733 5544;3721 2307;4056 6481;9573 12980;12460 5201;4734 5204;6193 4540;9226 13930;1923 6385;7589 13017;15460 1206;4418 6445;14303 4588;162 16032;9516 10171;15899
1058;5329 441;12079 10187;159 9628;10762 11702;12794 9993;8903 15265;10005 12029;5955 5410;2076 13933;2567 6141;2563 5629;12266 794;1382 5865;4662 1691;9375 12414;2417 7211;4016 9373;9390 14836;11984 2448;14726 2293;8309 376;12420 5634;3569 9358;1244 8203;13388 12046;1324 3592;9940 265;13763 5150;2137 3945;8546 12341;3888 10706;7828 12691;4772 16280;9829 14303;9557 9323;12376 11593;700 249;7451 11663;3862 4776;9421 11852;10874 6770;10495 15571;2519 695;16214 4989;12212 15820;8442 13907;4005 1646;7912 15889;6449 4518;5415
13452;7739 13494;16238 8329;10937 778;1131 2449;9981 13662;8095 14861;5676 13785;13352 14874;6084 8465;1316 15737;1981 3711;14358 7170;1598 7285;3757 10795;1686 8957;1796 11147;4418 8080;10446 5396;811 9328;13788 7157;1144 5989;4238 1984;16111 1708;8365 1577;13444 14746;4951 12812;14946 3559;9834 10490;9175 16188;12805 13146;2019 15961;10555 11464;2192 1519;12826 14217;725 11798;993 3267;1742 4793;15737 2833;15669 11007;4318 9962;6949 7559;14128 8549;13756 3134;15986 977;2872 10012;8210 4173;7104 6331;14298 9802;15194 10184;3334
14949;1588 12342;10562 9036;502 8024;1268 2586;5471 6150;4614 8364;15162 15333;8850 13972;14421 12243;13805 10872;14375 9992;3051 4819;102 9898;2973 3163;11930 5480;13862 8048;3739 2837;1080 3492;2262 12313;608 15986;14482 1661;13641 3327;7360 6659;1452 41;973 13524;3082 2183;11407 12372;948 2063;1956 8136;15813 7957;7075 11942;2336 16291;10210 9789;10219 1548;15665 7497;10226 13392;11176 3411;15987 3981;2474 6544;7787 5820;13584 6978;1464 11162;9137 9339;9659 5795;4264 12376;8656 3684;7415 12294;2949 4208;13244 5454;941
5647;9751 7564;3766 10161;5147 10744;10415 10503;15759 3273;15884 440;736 789;16367 5559;2922 13544;2903 6825;10215 6317;5457 15340;8386 3612;11556 10164;6925 11016;8259 14382;3056 3177;15540 8034;10989 14086;364 10223;7024 6356;1196 6571;8740 13872;6165 11665;829 4226;10791 16346;3388 15009;9661 6849;8627 7853;16075 15617;9589 14921;13094 5891;6825 16186;8403 1568;5559 4219;6410 14190;10567 9709;4820 10541;4230 8241;10797 3326;8591 8105;10994 6594;8084 5406;3109 11632;9587 4090;7833 10631;13988 1307;2036 10936;2529 10156;1291
449;9552 9858;2507 3148;4537 7583;12533 2895;1197 13473;9498 11602;16067 3510;14045 14796;12047 11674;16167 8617;414 11769;6855 9588;12763 6531;16280 13389;2851 1216;13918 2109;15098 15799;5249 12219;11213 14096;11541 2129;1224 742;13596 12714;1665 8403;14927 835;13515 10117;6795 2636;9743 13692;2549 927;850 7331;9611 5916;15854 8532;8928 13013;4922 7616;4979 10283;2193 4393;11836 12320;8932 14363;997 3915;3799 8137;7706 15781;12498 2498;7476 14114;11760 13700;6652 11083;3979 944;7008 4099;10781 8416;11749 3884;13985 11695;789
53;1735 6870;15878 13066;8042 3889;3867 5141;13648 1420;13937 9362;11810 12878;15576 10940;13831 16016;5164 3964;2285 15064;6612 2783;16333 6744;14816 11894;4347 16043;8408 11125;11399 2388;2114 14431;12681 12020;5219 2759;568 799;10265 13819;11368 14203;4059 11882;14766 8103;6181 9434;11017 14947;2078 5597;7625 203;10357 12909;11773 1064;8189 2384;1811 7248;4198 13039;13717 13781;5094 15703;4559 3925;816 15932;12331 14240;3342 1028;13659 12715;3101 5401;7186 2443;10596 13039;7551 6688;4273 6283;7251 15028;13394 1526;4156 12359;7468
13258;372 13331;10390 5482;862 1120;5270 8744;14460 5760;8574 13752;3912 12463;936 12478;13385 12171;8154 1777;9560 978;10978 792;13955 15406;13085 6440;6729 7830;6673 15032;7971 5029;13893 6797;11879 2991;11430 10067;6920 10427;7242 1023;1588 8966;7199 7829;11126 4755;1574 10055;200 1470;12994 92;4566 605;2492 8966;415 11233;12004 1271;11529 11844;11829 3765;7647 6072;7275 14829;1530 3446;12373 12661;9726 3745;3900 2401;11317 1236;7855 1285;16008 13006;16243 3985;4942 6015;2728 10000;9284 1075;3434 6592;9320 4431;10561
10366;4421 11139;10403 12566;10201 13718;3128 11414;594 15414;15246 2937;3464 16228;6365 13934;5307 6054;4508 9258;10885 13469;4094 9433;8117 1348;13502 5351;1479 12242;6188 11160;1013 12439;13017 4308;15761 6507;2037 6102;14176 2196;8999 6247;12832 2899;11351 7716;2848 14234;5983 9949;12955 3632;13446 3842;5253 5812;11004 12179;11113 656;2544 7949;14878 6807;6226 2636;1593 7204;10431 12098;12419 956;8223 9324;3563 6282;2685 12490;11062 5910;9837 13500;14639 3709;8804 8206;12280 4171;11470 1692;429 5616;2066 8650;5136 6426;1849
14794;7473 7501;15067 3200;13539 7735;3849 2627;4443 742;9604 6167;13936 5283;11302 7252;11075 15893;14306 3382;15316 11812;4830 8032;9610 1523;2261 7362;10094 5944;2450 8926;14800 14378;332 2187;14904 9300;12179 11924;15094 1309;3554 13410;8797 3968;4998 6335;10268 6773;585 5955;13278 4860;11658 10831;10467 10313;14243 4978;7739 2428;1630 10882;5514 12644;15311 15293;15703 1886;15132 8626;3740 6600;9608 15329;6869 7271;8519 2795;14919 6723;3744 14722;8616 6264;5694 898;15622 9254;4941 4663;7224 2425;14486 3901;14261 4717;622
7040;8438 13505;12571 16155;13096 2638;10540 14374;2593 2117;1507 12396;13923 8203;4222 13953;15937 11571;14133 12624;791 14455;8779 15006;10690 16296;7217 7973;10119 13040;14212 13890;4695 15213;6616 2866;13724 11250;4012 8529;10033 10476;9631 6367;60 6799;7906 767;6598 304;2277 8438;608 12181;15664 11702;9558 6915;4417 11274;1035 12384;3931 3407;13289 16124;16088 3771;12988 2773;16195 6026;2490 15343;5792 6366;13697 4953;1763 3769;2335 16369;1405 8499;1275 396;11951 5277;14975 5829;13582 15768;492 4992;11784 3217;3572 14579;6514
12426;9843 717;6368 14946;1135 4929;5359 15149;16109 11036;13454 11107;6554 6346;4773 6881;6643 9180;10817 1703;7971 3650;12515 354;3970 9128;6993 8356;1355 2031;14186 3365;8474 1668;6503 7696;1325 4081;11396 12222;1762 1113;12725 4437;2755 5386;8396 1932;15849 1945;6172 3528;5774 7811;16218 14622;7845 10380;3145 10875;6133 3327;5465 3145;9006 5243;4363 7904;15117 11004;6488 14568;5814 7110;15030 666;3538 15417;236 9745;10599 1355;14259 2307;15047 5667;10077 9875;5302 6523;833 4434;8171 5844;12128 13476;7771 6614;12440
4764;698 3061;7546 5773;6469 3756;10575 2975;2946 1641;12270 11591;1343 14096;6141 11443;2971 13029;11542 13795;8303 15100;1416 12946;7065 6883;1945 15693;7505 906;11444 6100;6268 11718;3311 12037;1051 4010;13639 8767;12234 7267;6210 15491;1320 104;9639 8433;994 11657;14594 9584;13778 10810;10033 12194;15543 15557;8888 7562;4301 15673;14138 828;4220 4469;4104 13925;9795 2277;2930 8813;15165 9699;2431 2629;10234 1110;3959 15841;13453 4984;13600 11333;12344 5776;11505 6601;15581 9064;14985 6708;847 7749;3687 11009;5339 16076;6950
5000;7489 11446;14923 10540;6942 9663;9669 4297;7703 2396;164 9775;9722 11938;8149 7665;6656 10474;975 15358;14396 7223;9843 4508;12904 1204;8799 4173;10710 4921;7406 826;12274 13334;13546 3435;1723 9306;1391 14524;5649 2901;12526 16182;16125 15117;5380 3237;6848 6501;3849 724;3634 3206;14887 1254;3605 7765;4160 9842;14373 7766;8782 14666;3953 2834;11175 14030;9012 10157;4247 431;11975 15263;2848 1949;12809 10921;3362 10643;2798 12973;3020 598;2072 12420;6666 8128;7770 8062;13194 14418;7405 3287;12416 16280;15912 11092;15099
4785;11573 14743;3732 10453;4129 11999;10573 2929;12428 14099;4673 8870;11780 904;2854 6603;1493 10439;1471 15879;3704 10304;3425 11231;11 8496;5416 4947;7313 9388;12385 9949;10386 15377;11152 3483;10541 14660;9999 14011;9191 306;11013 16117;4670 15954;407 13744;12425 5455;6355 12114;7808 5952;482 9023;12336 14905;11332 16360;7227 4945;9452 613;5615 2935;13320 5165;5329 14394;2513 1460;11434 16169;15308 14522;5822 1646;11535 12167;13143 16096;304 14488;15031 2766;11132 15442;1320 10269;7255 14419;6320 1204;11854 3237;11902 11971;1655
1575;9215 2717;16179 4913;10197 14280;7621 5467;5933 11201;4263 2974;14821 3617;11184 5055;14579 4038;1032 11773;2011 3826;2141 11795;5721 2474;9593 12802;9627 5551;15038 12589;3671 13981;12621 1280;14818 3211;11201 15288;15852 5210;1634 5415;13616 4362;9899 11596;15385 16033;9307 914;8360 6027;14307 9813;10094 14108;896 11970;12421 9505;16331 905;2143 15797;12515 5689;8197 4427;1418 2057;15328 5019;10002 6086;9755 3552;14971 8177;15725 1637;6484 13834;2935 11788;13580 3323;14079 5241;5216 14323;5111 4393;12036 9919;2 7868;13774
16302;1882 12744;2214 7748;9815 12292;2067 14251;11810 9390;14347 11821;15413 9655;3913 9113;4566 3811;8370 1519;14756 14372;16323 605;14309 1401;5632 6180;16159 1471;13631 15919;10761 9626;16307 14834;15106 5766;3861 10067;9765 15950;15728 14824;4840 4511;4960 9429;2884 8514;15438 15359;1182 4602;10208 10019;288 7040;13814 16286;13233 10795;3589 14077;12910 12774;1820 15470;2548 15361;7157 15202;15073 2506;12378 14856;12989 2768;10923 55;9058 8220;10786 11798;2738 9162;7715 9952;12553 7844;14661 1030;7808 6824;2789 14869;9312 14597;10347
14597;1363 11488;2177 7301;4022 1923;11979 11809;1288 8303;16295 15189;9705 4261;9010 14941;16145 10191;11823 2656;2881 7826;7949 7673;10064 14097;15066 8846;3122 6213;11058 16135;14217 2646;15944 5980;10072 8818;13673 4077;12984 8467;9573 2650;4381 1842;9063 10076;7734 9534;15978 8564;308 3943;7357 10336;6013 6280;8033 5373;13313 5041;7198 8676;7938 13854;8788 2616;4734 6000;15427 801;4519 14819;12520 7536;11713 14851;2933 10995;7412 12973;1792 8172;9198 14323;13711 12014;14938 10092;12508 7132;7882 4047;2563 16196;12324 11216;5903
12555;9326 10843;2355 704;14368 879;10345 3035;11615 8639;14622 12181;15702 9874;7830 6228;7102 11779;2094 15104;9084 7997;14516 8637;2484 6466;14590 817;15683 2156;5137 3901;11732 10601;14463 3324;13896 15544;2223 7576;3694 10370;5370 5996;2408 13768;7435 5359;9669 8327;4644 7676;7009 185;459 2500;13074 15025;2888 10791;1149 16325;5065 14236;15699 15963;15202 3230;13681 13351;8272 12971;1670 9816;5829 15695;13415 16383;5228 3707;6094 12229;10618 14838;12706 12744;7856 9749;10169 8257;8329 307;9162 3;5996 12816;9768 3490;3219
196;15777 7837;235 2121;12911 11297;16197 13318;8540 2647;8065 269;10709 5068;11323 2163;13711 2919;1550 3082;5644 2479;10916 9239;12965 838;181 16286;3331 9163;6881 8810;8445 7253;1692 7299;3191 7206;2132 841;4183 10145;1768 7946;1480 4201;9741 7903;5224 5595;1211 1686;10042 2466;14585 14669;586 3798;436 15404;14979 12445;10654 2069;3364 11251;13618 12146;10372 4354;2818 8943;12583 3857;15255 8667;7462 14232;11174 12595;7688 12898;1608 9917;7778 5067;14665 11335;868 8415;8843 7782;13291 4164;10059 1885;681 2922;11122
8823;13871 4684;7057 13313;7242 8366;10192 14568;1214 14765;11370 4759;12064 13160;13069 12763;15821 6213;11990 9581;4628 3040;7500 5527;6649 8898;14876 5279;12913 1811;11393 13816;2346 5953;7041 14293;12790 6080;5613 5719;5697 882;14847 13294;419 8814;9399 11751;12783 11679;8041 80;10181 6;4039 1429;3410 12519;629 8311;309 13974;16132 9282;10021 6041;429 1317;7917 11083;11550 6669;6142 10931;1461 8326;9055 13328;12375 3087;732 2159;13928 16295;13127 727;828 8323;6481 8134;5007 13183;12501 10232;8862 6983;7220 10790;6207
15169;1898 7326;1082 6757;10907 10267;5185 14510;4653 10722;1746 12500;2857 269;7619 16267;5777 5253;2635 7855;9402 12770;8684 2027;12241 14455;6931 5078;5331 12743;12482 13085;6170 13249;2693 2865;15509 8125;10013 10834;16021 8871;11053 6807;13653 10079;3387 9607;2742 906;13482 5260;10332 5717;10218 8439;3785 7087;4516 1763;15928 6101;3657 11863;15615 10737;1684 622;1058 14101;7220 10119;13328 6143;16068 9675;16067 9349;3873 3771;10706 11793;6381 9837;11172 1563;97 8388;7092 4211;3161 255;11349 5414;1369 1155;15951 550;11007
