128 128 36
36;40 103;121 54;32 54;75 128;30 125;25 50;49 101;75 119;83 84;26
10;99 25;60 1;56 125;49 69;69 94;110 97;46 53;67 123;80 114;30
69;46 90;99 86;65 90;92 60;41 30;28 17;80 112;17 48;51 107;26
119;128 14;31 121;15 120;28 39;82 53;32 122;36 43;23 71;71 55;65
7;70 53;116 23;64 98;83 25;26 122;119 118;33 43;7 65;66 101;26
42;88 16;5 15;25 105;65 75;23 34;15 100;10 57;28 14;21 98;95
71;10 96;120 2;82 47;53 47;80 122;112 116;73 66;113 44;35 13;21
91;21 70;93 39;65 20;100 47;89 57;88 106;21 117;2 56;88 10;30
72;8 90;87 101;34 18;4 122;90 40;31 2;120 69;19 44;31 88;103
16;44 127;127 128;2 84;35 41;80 62;14 101;82 14;47 95;86 65;0
