16384 16384 192
14539;10553 13238;381 13036;14270 145;2364 14064;5295 8885;12104 15225;13288 13882;15642 9415;7009 1644;12172 14081;11362 8317;14345 5193;8324 3375;2421 4381;7641 3172;13091 6102;7878 829;4025 7078;13614 16173;3521 4604;395 7507;4636 4411;901 7155;12343 3799;14739 11222;6435 16020;14744 545;12432 12945;250 11294;16020 16245;15724 12827;10265 10400;11607 6292;15056 5387;12236 10221;1778 3744;1855 13253;13404 8710;10130 12558;16315 5318;10381 5723;1247 4183;2791 880;9014 15945;7210 702;15360 3242;16295 4610;12579 2769;9028 11736;11831
6734;11789 15413;348 8654;7598 1682;4950 2644;568 2821;13533 6172;7426 4590;7477 6141;14795 12576;7548 6114;8793 11600;1522 5125;7682 13930;13977 4591;12721 13112;6406 8201;2638 7239;10336 12121;15886 6903;12588 625;4734 6664;6992 14884;15269 14068;2579 4919;15366 5402;8283 8756;7919 12544;6714 10448;4119 11311;7812 9314;14485 3845;12083 1243;3350 3965;5319 10331;14351 9886;15333 1664;12347 13404;3343 10657;10224 12617;11657 8513;12573 13718;6516 12202;12453 11901;12883 15759;6792 9591;9026 14405;6157 11272;8564 14;11699 14881;12508
1914;3330 10608;10859 15515;11790 4093;5174 3763;6315 5551;5683 4256;5542 486;12883 3508;1993 8910;15187 2312;982 2535;138 11833;2125 5565;2688 3643;14470 359;13005 11081;4387 5447;3985 6393;8494 10764;8878 5291;13012 1263;10198 10890;7409 11686;13774 11816;10817 13819;1053 10607;12144 13674;13840 2617;14121 8849;4805 7104;7031 7541;11501 3761;4768 926;9026 15;3957 7220;8229 4599;10757 7452;14839 15559;12326 14739;2905 11933;15822 6124;8530 1398;7832 9330;8281 2717;11204 11273;2555 11658;6260 6498;13337 8017;1752 14679;346
9899;829 8273;3506 3581;10064 14539;11335 8461;5114 10897;2114 15796;6205 10999;1903 11124;5926 3715;10114 7374;12354 5403;13958 1939;7597 301;7129 12711;15756 14471;7913 12259;1329 459;16315 9443;13793 15448;12621 701;13272 11960;5863 7822;5513 15554;6840 11891;12470 11980;1068 12321;373 7764;6953 4494;1088 15799;2253 5052;6658 8193;13590 2436;15487 15643;11694 2426;13720 12578;3820 8826;4997 12330;13359 2584;13323 3301;13682 362;1892 14965;6677 9945;1164 2090;12931 14706;13430 7853;6390 15688;4651 6492;8749 1499;13429 3396;6120
9505;5070 11955;5348 6093;9843 5691;719 11877;13985 8642;9172 4126;5311 1340;10517 9453;684 802;8348 5164;12339 4794;8693 7706;13272 5218;199 13333;2217 10083;856 5521;2546 4623;2405 4255;3366 13384;13426 3101;3292 11028;5655 5765;11980 5110;5060 15561;10940 11786;6768 15411;889 3392;1380 2671;12277 4356;13497 13865;14008 9223;2948 2227;8768 761;2976 3846;14513 9946;2331 12734;317 13019;2160 13753;11479 7390;15451 14945;6375 8794;899 11778;6858 6805;6928 1389;11145 14075;11841 5387;5719 5844;2569 13996;593 1811;11324
9402;13329 7790;9352 5394;11571 7167;8526 1813;12901 13899;14201 3036;9327 3645;337 8955;16257 8627;12641 10585;5910 15239;8936 4810;14120 5094;5310 14706;15339 9004;15370 11461;5039 6305;14672 2670;13194 12053;1317 11597;8244 13050;5366 2192;13138 7400;1287 10698;14949 5259;9089 11766;2974 5439;15535 15015;9396 9032;4403 737;9121 2693;4205 799;2739 1808;2644 6713;76 13585;8389 9143;11019 11436;16046 5583;5079 11498;2801 15618;7137 3516;1489 3337;11747 15785;16134 12062;4169 8831;7850 12411;11641 7142;15856 14902;9865 9329;518
13337;3907 8194;10511 2847;6345 15521;11581 10691;7267 5177;4113 6107;10926 7344;10267 1164;6032 267;8676 13874;8426 5145;5589 15685;3978 11543;2281 3754;12331 14176;8077 99;14273 482;4427 13590;8982 8685;13020 11341;4353 12953;15756 2226;14337 16263;11736 14094;1625 7226;8918 856;10574 7420;7859 4532;10964 9171;3030 6333;13248 899;14936 3977;16173 4412;14095 11536;142 5674;7208 13800;3895 4531;2681 444;6688 2861;15519 10782;4415 10290;3079 16296;936 12273;7208 12673;14781 7506;5148 15412;11727 10370;6947 10074;12513 15338;1104
16219;5015 4042;9955 11378;16265 4980;4900 10125;3279 311;63 8875;9118 5086;12616 4085;5045 10047;11805 1909;1240 9021;13417 5530;7886 12002;11131 11880;15510 2015;1916 15965;16195 12974;3819 15900;3394 11821;9928 7604;14231 5102;1347 8013;15997 11232;8972 6398;11935 3063;2289 3920;7554 12066;3429 9763;1165 817;15079 13673;6733 479;378 1430;8755 11931;12475 14905;9217 14048;2825 4444;6750 6229;10497 12444;16266 12354;6055 360;10443 2981;9106 7608;7840 15243;3095 15671;14747 7908;6708 7813;13521 14897;10658 15068;14238 2965;645
2089;13200 14722;13705 520;8109 9752;8220 12225;11901 14399;2585 12772;2541 7060;15121 1525;13121 9044;7827 8172;15011 8026;3294 8914;6530 3926;10227 3416;7736 9382;8905 15404;14696 7958;15209 2025;5442 9600;4788 4730;4112 9176;3935 4950;9977 2674;11412 7652;9019 3784;7804 11998;4607 2754;4164 13694;11973 1754;1290 12969;1299 4092;15671 2591;4219 8715;14052 6333;2646 2934;3772 7632;16224 7113;8494 2814;8666 16319;9488 8135;9713 12026;12671 2440;10483 848;14581 1371;12314 13327;4145 8733;16010 13758;1392 5787;1734 4198;8907
2632;5165 923;4153 13871;3291 7972;8024 13403;3983 10561;9997 10797;15102 1797;8170 12305;16205 10235;9730 7201;12371 11444;15181 3487;14640 5194;2023 9632;14612 7189;11291 4859;14426 2061;8091 3565;9128 7942;1663 6549;1025 5786;9866 7608;2232 804;8532 8938;2201 9117;2649 7129;8618 3001;11567 6385;7883 12998;4251 10097;13457 14589;14732 2187;15705 10140;1539 12691;13484 10350;7551 10589;1030 665;15034 6410;283 7683;7923 44;12219 10727;3039 6677;9212 514;2390 3777;6436 411;10199 9101;7833 2417;10507 7312;8399 14744;6048
12860;10185 7126;6166 11037;7461 2797;9668 4780;3136 5142;11350 8089;74 8783;14599 6533;6391 13621;11813 5054;15632 10502;9507 359;8772 6199;855 5925;13331 16367;5066 11746;4872 13081;12364 12572;9132 5477;12981 4301;14631 9373;13784 11211;13823 298;5065 8479;15926 11314;10479 6091;6970 1389;6132 12141;9240 8420;9614 3959;7824 14088;7056 13783;14247 5380;13619 2177;5753 9117;10525 16186;13398 8456;9520 14881;12812 3724;13129 12715;3467 2616;8161 1268;14142 4590;1651 10174;15302 9756;8362 8814;1591 5084;15839 4892;1410 14141;4144
10145;10490 5221;5879 8980;1162 2613;15370 8254;5811 6990;15048 6375;8964 5935;12877 11451;9321 231;611 4878;13257 5555;3881 10058;7654 12268;6595 10405;9217 3531;16358 6628;13095 4917;12417 11494;3428 15253;9339 1952;2183 9229;10043 8979;10563 5827;3685 13050;2232 598;5087 2452;3844 15115;8298 8746;6598 9007;5837 13245;361 2325;2359 10728;1859 13774;1507 10319;6149 9319;14257 16186;5616 8740;12899 10808;2939 11498;15760 14145;1481 14458;14878 12748;5268 16162;6768 13515;2515 3108;13138 10888;10242 8537;7798 2518;11764 1902;3857
2529;8671 3862;14925 2847;1172 2716;3129 892;11717 4260;9808 15277;1964 6698;584 15741;8543 14083;4419 3331;6712 1452;10437 14369;6448 12438;15455 14650;2062 683;3493 6957;12596 13902;3885 12840;1212 15175;10804 2721;11065 3296;1091 2619;14852 869;13378 1104;16308 16359;5259 4461;14774 2863;9710 5912;11973 6707;15632 10545;5786 14495;1153 1118;12261 10328;8124 2393;2752 5526;11398 2872;6664 3833;5721 6100;8881 13259;5506 15607;1320 10591;4912 3081;9764 2685;7986 2533;500 198;8492 7837;10401 9855;1486 13381;3079 14395;15000
15803;3713 1971;6507 2058;5583 938;703 9553;8953 15130;445 5087;13843 11702;13501 4807;7869 9161;13576 12551;6341 2519;3833 4672;12105 14641;5795 9756;7850 15619;10299 7139;12482 880;11927 8324;4021 417;12537 7869;7740 5032;6622 8195;12094 14356;10516 11828;15537 6080;12319 16291;6403 12160;1855 3740;14212 16028;10456 1390;6230 7937;13635 5495;1705 9023;2114 5108;9345 598;6618 14421;1818 10968;2221 13814;5568 14530;11737 15885;12644 9064;5035 3489;378 8246;4200 3180;2623 1341;10976 12274;13303 13065;13124 1273;2840 15659;7865
8991;14553 10444;3512 2481;4650 6062;7604 6273;3183 1888;2584 7139;11025 2582;1478 2120;10559 11416;6038 3198;12818 10676;11663 5467;12098 9120;12069 12071;13845 9212;6523 3904;7022 5656;12358 9944;3843 16161;15866 1979;12202 4918;16332 15273;7938 3487;3506 97;1204 793;1972 12242;10052 4625;8142 13632;2473 10308;7619 716;14933 5615;14479 14286;11576 3183;10959 14188;10029 9932;10963 11706;5884 8526;13134 2653;14868 5127;10259 5803;12486 14775;5731 3549;8643 6010;8347 15101;2249 2724;15989 5708;10369 6624;5087 5505;3946 8083;5146
2974;753 13635;7867 10638;7381 6337;2313 2716;14132 15301;12651 1609;1068 9667;1818 2174;4363 7557;9876 14207;837 14829;13212 8998;14542 2641;12419 5081;6118 13262;3735 12175;5219 8327;13 14328;11299 7434;14591 12112;7060 7567;9773 3315;9826 413;9267 7737;14850 6110;15873 14628;12625 11216;4385 16318;14903 3644;11231 2176;2864 2697;7246 15399;2104 2744;10713 14962;5141 13830;6202 13353;6504 15458;14626 12685;11531 8299;11779 14899;15071 15782;7285 424;875 3077;8480 5844;10258 38;15682 2186;7367 7436;10509 9811;7372 3152;2732
7146;8615 1662;6248 13397;6144 9115;16322 10297;16112 12228;16309 610;13637 10966;2735 6630;16133 14689;7757 7459;9563 805;3299 7130;13598 1344;2640 3096;7911 11472;6498 5038;16238 4133;15735 16158;8809 12984;13435 5366;15710 1935;10917 9144;7679 12301;9314 966;8508 4362;9376 1305;7754 1469;8533 3726;15868 13425;13660 16326;3269 2342;8179 1594;6963 1508;2315 10855;15314 6041;3804 11225;13080 1976;1815 7178;13048 4008;11762 2599;1905 1995;6098 12371;3981 13058;8926 8279;13443 14345;11103 4334;7947 10274;7216 1053;4519 11317;7180
9078;6611 13879;12813 12153;2473 965;15238 619;5927 10638;82 11915;7696 4414;16355 8017;13278 4472;13455 4541;377 3127;6996 5011;14227 15621;13996 9956;8183 1826;3650 15728;1305 16087;12557 3373;1166 15559;14725 3365;5277 5251;2774 13610;5382 5385;7093 7935;5974 4131;9180 3978;5972 15555;14893 9541;13929 6131;3934 3039;7089 5839;15305 15856;8073 12785;10475 6043;589 10481;12514 5597;1064 9636;10983 3747;6846 12852;10642 13399;4331 344;11670 15429;5749 5057;4314 12349;13514 1141;8349 11513;12324 8539;2233 10167;4342 4655;12582
7907;954 2404;14515 7066;7059 9710;6634 8172;7299 4161;9652 1551;8649 1033;6519 5968;14192 5721;78 11383;9710 5607;14270 6075;8770 2946;6811 835;6474 1102;8697 10005;14614 3566;11852 780;8514 13774;12520 10304;3411 15995;16101 1048;15038 6766;11082 630;15102 3934;15242 7881;7679 8704;1027 492;6722 15988;2046 9582;2327 7505;12456 15492;5424 1715;2654 5261;1642 7785;647 1236;12926 8488;217 3404;10181 12079;10826 9512;8278 10303;14259 5651;16152 10575;15194 15524;13129 7263;15877 13307;8210 7757;8626 9771;9907 9216;11272
14392;9922 4430;2732 4799;13914 11483;13556 4867;8521 2131;15978 11777;8534 3985;4637 9789;3086 11690;5407 1289;4355 641;7147 10300;4429 7800;4408 13820;14130 1012;6601 12299;11916 5577;13410 12023;233 12179;14526 15032;947 10306;9109 12789;13450 11765;11338 8551;8585 14020;6912 13117;15209 6507;1176 4015;11725 8998;4433 14155;12368 3667;14507 4117;9838 9346;13737 5113;5763 10260;2653 15757;11459 7359;13059 10679;5524 10419;15870 3849;5304 1166;4015 1836;108 13146;9765 2712;13533 9678;7734 15127;1819 7721;14650 13434;9601 12492;284
5592;15508 11008;2890 1546;16115 15329;648 3372;4888 12933;7500 8441;14467 12216;11207 4973;7049 14393;14211 2218;2716 2010;10401 639;11509 14732;15002 13705;10514 8288;3574 15327;9248 5679;14515 2985;2818 3844;6621 3268;8995 10851;15529 9885;2099 14394;12401 1556;9105 8210;11210 890;5181 13536;13850 1790;1789 5988;9087 6660;4778 12431;13737 14512;6818 4587;6684 11367;8008 11230;15858 10425;15640 2064;7906 15859;14464 450;4197 4004;15929 15155;7173 14167;14993 12924;5957 8434;11026 13093;12648 1795;3065 2569;10185 16364;150 8221;9713
1128;15646 15216;4651 9845;14874 5900;332 727;11895 15932;11923 10214;6643 2166;9888 6572;4700 7754;13347 3008;8985 11902;15719 11837;4265 534;13270 14882;1566 14737;7164 917;13408 12029;4013 9237;15136 16174;15268 15318;7289 1609;13042 12462;11604 6501;1266 3527;10982 6640;11868 2155;13836 274;14203 14852;7795 2627;10487 5812;11735 14628;5646 330;9427 8959;4815 2436;5376 7027;5693 1431;1272 8120;13648 14024;15628 1170;5855 5986;581 9481;6562 7621;14148 13920;5967 14216;2784 3523;3030 15246;5467 5408;3693 3525;9588 12345;15912
6169;728 7830;5633 15295;9121 12799;15905 4316;10083 9667;9282 2876;8150 9524;2536 14037;7070 14658;892 16055;16208 15607;8807 4932;1026 9821;7289 494;4623 10924;13331 6067;7696 1549;15983 8239;15365 10435;7505 7234;13792 11312;5270 15810;5271 7176;14257 8011;5261 11711;11913 6308;6885 1764;5551 14511;16271 15750;10023 3285;16021 3713;9679 8781;7294 6789;2512 11;3781 1098;5894 6095;13602 14016;7278 12194;8643 2832;14942 7619;12667 6371;10727 9048;14949 183;10667 219;9930 1619;3477 16226;4232 6936;14587 3380;5313 16054;5892
5871;13386 6146;9814 7377;4704 15946;8468 14424;1274 1463;6274 11282;1711 5725;12033 13355;9757 15148;2784 8953;4673 14530;1435 5621;15958 7163;677 12413;2110 3129;3541 12248;7632 14054;5710 13762;16157 3525;4625 12025;10998 12653;11802 3537;6845 7231;7777 14255;9726 1576;12901 15912;15086 6225;12357 16346;13565 8160;6367 3149;13165 15884;14525 1165;15438 3606;12420 4956;6901 2194;14487 4245;1966 13174;10494 1170;6529 3264;13459 4095;15157 8731;8092 15693;9947 345;9324 9493;9011 7590;14781 3132;9194 10626;5425 6771;3415 11593;503
7989;8976 16060;15695 9476;5382 3322;6901 8780;3433 5613;13668 12460;112 8096;10216 6392;7132 1048;12102 10733;11015 1873;2280 10418;5290 1253;6522 7636;3588 15664;13821 11462;10241 3862;9125 8527;14087 9481;8770 14768;7822 8065;3262 14570;12165 11447;7322 14148;6177 3602;2800 12415;14630 2790;8883 9806;4167 15422;12533 15075;5123 9247;1740 2105;2396 6034;15222 2192;1638 138;10155 11417;6117 1656;9664 3012;3473 4240;1686 10663;4357 8497;2788 6231;601 429;1416 13100;6375 5122;11736 13540;3147 6254;1146 9037;14186 13177;2195
2626;229 10300;13065 6211;12932 9973;14306 9732;15548 5331;14416 2262;14242 6440;16045 15403;9979 3303;4397 8774;5803 6621;12679 15197;8239 8430;12720 8237;15032 1952;8274 7972;8129 15531;5472 8131;9876 13277;2543 12950;13377 7451;13676 11940;904 16009;2646 11601;15448 8421;7168 1255;3009 9054;2682 15601;72 900;13974 14913;514 7344;15638 9111;5170 14399;10561 5220;705 7324;11016 7238;7746 11423;12460 3523;865 10256;13561 11630;15387 15898;7780 8684;3710 6858;2117 14554;5452 8571;10599 3342;13706 1865;2015 12400;10673 7964;10535
15349;2352 246;8632 7751;7115 6522;8083 10207;13205 10729;11605 9753;6569 6127;13279 2854;2478 6594;1467 3484;5910 548;11634 14648;4384 7773;6077 12637;3708 7481;7059 13601;4811 12963;4380 4604;11959 11851;9313 8484;6937 4814;1091 7767;15800 10718;12959 4294;678 4611;10468 1666;2416 2883;10200 10000;882 16221;10130 14783;519 4689;5517 14828;14423 1309;5046 15144;2453 14737;3523 12902;11764 14195;7538 11890;10133 14935;6279 4772;9592 1082;6434 9845;7980 10114;2622 10185;5132 8303;348 5903;10580 3024;4812 16349;457 11096;3246
4663;1429 2894;11410 14550;13812 2947;5567 12623;13466 3029;3761 12193;5917 1180;11022 12610;728 6923;13237 13335;3779 12467;8196 8594;2422 11495;9218 13965;6955 9084;11965 3097;15990 8288;16336 9174;386 2339;8147 13363;3486 15294;665 4882;3483 3510;712 12944;1499 1497;10115 2320;13707 1669;1709 2811;10213 1161;13139 9180;4118 12473;14665 8320;5241 15376;13888 251;6145 9707;5828 9317;14940 3957;5501 8201;11859 8492;11198 810;13649 5214;6634 9003;14350 7065;3695 11009;4353 4426;7782 7786;3233 8908;11105 3584;5190 12170;1602
9685;13502 5709;1675 15023;6896 12109;8592 15023;12795 13919;9980 3065;5358 7659;4845 5877;12637 6004;10683 2544;1125 13169;9950 9671;9390 11248;11502 7200;1241 3929;7084 14251;1925 7889;10880 9491;1821 3976;5487 12223;3805 14149;12013 1815;16352 12564;10024 2055;11174 10078;7688 10585;1909 3323;14473 6422;8475 1159;11655 7031;7022 5862;7068 4498;15163 13106;8719 11847;5100 1875;9526 14776;10530 2849;12712 16163;12267 3687;1690 15843;10686 9434;13143 2713;7585 3964;1472 2849;4805 7382;14778 9159;5481 14812;15904 2082;692 9148;6960
9090;16108 5563;4602 9296;2248 12067;221 3093;10779 4276;8532 5807;14083 2496;6582 13203;9977 14400;14759 13544;11244 7358;1498 4118;14414 9174;15907 2908;11058 6243;13032 14307;16304 5291;1809 3552;5632 7496;14307 3720;4573 929;8845 6191;15582 12937;1221 12563;9329 14874;112 1483;7980 12658;12101 14571;14228 9639;7981 9861;13611 6697;3043 9775;16187 6651;3382 1670;6961 251;6093 10452;8648 10269;275 7855;7794 11907;15707 6067;8831 5513;9687 4656;1229 10568;13118 11303;183 4342;2335 7695;13032 10812;6912 4196;13683 1601;5130
3544;3395 14821;6505 13847;2716 9943;9832 10663;6750 7705;10493 580;2375 7840;2352 8079;1499 7522;7205 9059;11534 425;14898 11085;11585 10052;10710 7513;11392 518;4403 11753;6583 11407;13656 16222;14393 12504;11080 1759;12898 7914;1912 3721;4941 12554;10180 3845;3425 10627;9318 14322;6562 5495;3714 5765;3641 145;3897 5201;10807 10388;13774 13545;15063 8522;8717 11961;15468 3545;10934 6910;6384 1602;9836 6049;10654 4584;15684 9614;16254 12695;3985 5354;9540 4418;7689 11940;4530 14176;7658 13971;16279 8453;14743 3136;4605 12463;2041
89;8181 6360;10904 2226;9477 10530;2743 12017;9852 12;14824 12919;13998 13731;14676 10084;5221 13488;12375 7992;15398 11785;2292 5911;15900 9531;15439 11830;1939 16033;11113 12734;6506 10867;6797 13658;2985 12953;4150 4721;15753 12728;3788 5059;1759 13181;6818 3194;6908 15265;1631 9260;5924 1358;15963 12317;4937 14054;15622 14604;12621 699;3237 11961;10786 12708;10455 11239;8135 2021;16186 8576;2668 173;4154 6234;1708 5731;1204 15743;3180 3494;14924 7086;13372 1941;14207 14019;2559 608;10082 8316;15988 8020;15889 15497;8477 14838;11513
7623;6054 15062;6142 3939;1318 1088;11761 146;7806 13520;4624 14839;12702 7023;13623 13873;13698 8725;16368 11416;12777 12248;14037 15638;10714 1555;12312 8977;1019 8241;10407 455;6345 2532;5190 5097;7274 6445;395 7298;7612 7240;3472 12248;1189 10862;15134 1028;7222 11295;12706 12119;11495 8763;12305 14712;12872 10924;13151 5082;7651 13496;7813 4313;2424 11903;7940 6665;13870 6058;12966 2114;5625 10991;3973 8594;4837 3625;3193 8548;7568 15435;10177 1633;8862 9222;12347 7649;6260 944;12438 3898;13414 3104;16100 8431;10354 14662;441
11400;5621 14205;12601 1658;15388 14170;4275 2607;1260 4047;7728 81;15705 3025;10000 11890;6559 660;4677 14682;9026 6446;5821 1910;8836 15758;10925 7671;10915 15426;2066 8304;10588 8614;1520 14456;3998 1619;13128 16219;3156 950;10081 4165;11905 10142;15502 8997;14094 5844;10789 10546;10732 8586;16170 454;6511 3927;3105 8337;7880 812;6528 15836;14962 12486;14442 13530;1932 3717;540 4536;14260 3256;1301 1099;14841 12220;4605 9898;9212 15452;5682 15954;9277 11304;1879 13726;1964 4442;1419 8964;5936 6561;2226 9852;2065 7873;2959
15278;1512 2626;9620 10936;11415 3545;13342 13987;11079 9311;14431 1863;6359 13939;9839 153;155 6698;8522 10628;9663 9615;13874 5143;6450 8008;6432 14879;1158 8432;4050 2277;4259 5931;3761 10463;1896 2477;8413 10941;808 338;10382 8983;3761 766;6608 4123;104 9530;6496 3701;10591 13941;5394 2015;4891 10816;15028 14712;14776 12798;2941 1214;4337 9219;6186 14812;8504 12236;3353 11537;12350 9980;14808 10632;5880 7038;12685 9416;6638 13349;4716 6366;7704 7079;8611 1699;6059 14118;15159 9877;5050 2553;14594 4601;6236 11385;7549
12956;15341 6238;3017 4335;3559 4566;3687 6901;6281 9229;6767 11114;8385 15819;14276 6069;9345 11336;10948 14791;8155 10118;11739 9122;4411 1111;6991 14953;11261 690;2015 9572;5107 11664;4807 3190;10396 8056;13804 1621;13166 2131;11272 326;13267 14754;9552 2461;5865 16231;11086 13951;4731 3560;2280 3912;6624 13248;10241 14620;5551 10031;4446 13819;6213 791;8889 12883;2286 8687;1556 1250;2566 1689;15901 3431;12690 7835;1415 12282;5229 6829;15652 9952;4571 2092;14639 8079;15019 9272;1987 8925;15116 11900;15857 11193;2122 7069;1232
2458;1001 245;10542 13193;12457 10417;5102 14309;12859 12236;9633 8218;12737 3775;8639 4251;3997 10150;11141 14933;2192 2847;11438 11375;15082 13546;2686 423;14292 7250;7835 968;4602 10521;8855 10916;740 10980;7509 16208;2020 5931;16230 4695;4162 417;8489 14810;9746 10109;3207 3029;10417 9489;15969 3848;4151 8259;4552 13463;14584 11858;7120 4215;11141 2348;2411 13211;7936 4372;3667 11284;1202 3661;14702 12044;6861 10088;16053 11305;14409 12515;15852 7033;16079 473;7291 2718;15188 12199;10172 3917;11274 3620;11792 3927;11137 7483;14574
15472;1914 10655;3128 8653;1805 5431;7461 6623;10389 10376;977 5447;5985 11566;544 7765;486 16034;14023 1610;12609 6419;10811 13470;13696 2397;8893 8177;14386 2038;14129 2408;10823 15972;12533 3746;3004 14072;696 15035;1615 13922;8390 1538;11884 9777;7679 1978;13916 11712;15268 3737;4250 13656;2127 10072;6632 10710;3774 3987;12773 14838;4493 9371;3688 13233;9302 14489;1580 7281;13128 1301;9436 3536;9100 3876;13334 13444;12302 6121;3732 11457;7229 12785;7442 14758;16162 4277;16306 3934;4195 9513;10122 9935;12092 2953;10039 5456;2939
10504;15994 11537;219 15563;11850 10098;1193 15408;8762 15257;15941 10400;12620 10345;9951 15066;78 16224;3357 1072;5969 14135;9991 2842;4427 2158;6621 6882;3570 4480;3575 13791;13746 15783;5234 14716;223 5738;2519 11349;13211 13342;14749 14280;9746 3757;14155 2177;4429 6609;6888 436;10502 12645;8443 5918;4466 12351;15364 14313;8452 8669;12593 10509;4095 3317;12823 10117;4041 5277;16110 2394;10128 1051;14184 12279;10135 11936;15587 1270;8561 14851;6773 13775;2250 1106;8009 12318;15069 9856;5560 14378;2448 8839;2489 1488;1231 3732;13031
1806;10837 15706;1179 7248;2992 9540;8467 12065;7225 1672;5907 14732;4015 8247;7164 14256;12364 15939;12168 4625;7620 6002;10019 1831;9939 5857;618 11309;5368 909;13589 10590;10372 13750;13640 122;2950 6446;6539 2856;13407 16339;1963 304;8665 7153;6468 1367;16072 13514;15252 12247;6759 3714;4339 2507;8057 7384;14853 6690;1788 8501;530 11190;15952 793;8135 13390;1580 11144;6386 5240;12030 6399;15106 6368;9128 6531;13904 15786;7942 12878;3955 13082;14752 16305;11009 58;6453 3472;13840 2853;10523 1476;10863 12439;13388 4022;6206
