16384 16384 256
2084;10744 596;15871 5817;968 15791;9804 3552;3053 15831;14542 6271;4929 4462;13587 6686;2999 7832;4303 9520;5638 3226;11408 13693;6537 15173;6144 5847;1734 7451;7883 11038;5702 15408;5534 5952;13282 3230;15367 2614;10183 4125;13523 7394;9988 1701;9742 13223;3323 987;9254 3030;14258 1246;8962 9602;5277 2074;5639 11941;10903 9347;7301 5653;760 7303;6296 4581;36 2976;13860 16128;3032 12727;12320 5385;1840 6061;5002 14537;4189 8247;1423 15166;10557 5005;9189 14098;2307 3549;3831 11474;14358 9584;13842 5222;11839 1479;7891
13145;1418 2432;13923 11451;2900 9119;15114 136;16336 233;1019 1252;12339 15853;740 2049;11841 8481;2507 11509;12747 13844;194 7085;15355 8741;13471 10956;4167 421;2371 4612;16297 11821;15514 2480;13634 6790;16268 1124;8215 2317;1764 11081;1245 4038;15331 11243;6242 10355;8400 9753;14014 11487;9928 2673;11886 2582;1154 7244;5335 6010;8476 9347;12565 14486;13052 1624;6063 8253;1649 6431;1088 640;16051 11095;8558 3709;15539 7042;8899 11141;7657 12547;4717 10693;6621 14868;4025 4724;2615 3309;6899 12337;11660 13867;12756 10917;4212
12204;2232 935;12839 14083;1396 15051;149 540;5735 9201;3695 6582;13165 5807;11265 15662;15971 1644;9835 2188;11118 15513;3323 714;15018 2244;16206 6625;9149 9036;4317 12144;13800 5726;12295 16378;4049 6205;2600 6744;14926 9282;15808 2413;676 4479;3954 10857;9560 9035;6267 6628;301 2701;14278 1227;4269 12923;12825 6780;3318 9852;869 10947;14642 14447;8009 10226;7750 9540;3404 6735;14416 5452;5980 15651;10355 15802;8019 13842;7006 6778;15776 16224;5015 8577;12269 6005;4080 8425;9266 10636;6219 4884;11973 15930;13374 12823;11759
6850;7273 2537;4616 3988;9495 914;6782 1170;4126 9305;5268 1693;7160 88;7461 7294;7498 6739;511 6121;6516 1646;9228 3032;15286 1771;2958 6257;12688 7055;11270 8289;11915 13157;11838 14586;6496 9671;8628 14392;4445 4241;12165 5348;3682 12876;9756 2605;11205 16365;9384 13481;6601 15954;5059 1018;1187 12483;5266 12882;2968 4776;5282 16126;8073 10642;4984 11890;4766 3542;267 782;12275 6332;13051 13158;4018 13208;4945 14294;8253 15330;4428 1139;11499 1267;686 15143;2693 4171;11529 9563;6681 16047;3283 6929;13507 4703;12987
9933;6566 10285;6911 10763;286 5468;13737 13266;756 6126;1375 2715;5807 12507;13072 15166;1996 15909;15602 10126;1841 9250;7405 8232;9481 8702;6347 5513;10247 9028;13923 7093;12148 2313;10931 4557;14039 1559;2404 10809;10108 15440;4810 14906;12981 796;11106 15582;10250 2391;4329 12572;5429 1462;9041 14506;7676 14810;1757 10196;1916 230;4560 2942;16303 1950;1217 564;4470 9403;14473 3723;13535 3508;3584 11354;4733 3827;11519 3597;2446 9170;2797 5137;5230 13160;7831 7320;7995 11302;4225 15892;15229 3167;10035 6390;6523 10077;3461
10235;14053 9782;6440 15327;15698 7635;344 3476;10144 3386;11421 9007;8802 6386;9889 385;13395 2156;2771 8126;12507 785;12678 3870;12982 7911;893 2398;11806 3877;9700 5202;12358 10619;13909 3520;5550 1472;8502 10383;13874 9678;10187 3402;9254 116;14020 15911;9331 8912;5633 10335;5137 14058;13541 12976;13251 13100;12301 8217;5517 3718;3511 14992;3381 5291;3982 7099;954 5867;13327 15136;14715 12317;429 1204;994 2707;621 16075;10961 14200;2660 14735;5181 1470;14337 13688;5493 15586;6790 6338;6469 12558;15457 11161;11576 8174;11767
4761;12862 6538;12393 2390;12077 8581;13780 4637;1944 6766;6360 752;8287 5124;3788 7057;7718 6452;9116 11070;7277 11852;4745 16076;1223 8036;12105 4031;12101 3692;3990 11168;11079 6534;4339 11950;2032 10741;8442 5462;6676 11797;6870 11654;4970 3831;15571 8751;7446 14899;6877 16119;16200 11160;7592 9107;15484 3740;11916 7721;1806 5495;10419 566;6205 313;7837 11567;16052 15939;8159 10783;9321 5342;14948 7023;4075 9622;3390 4380;7706 4764;8283 248;4186 11357;8472 12816;6696 15720;1879 4757;14468 12606;15138 1791;2072 531;12415
14952;5442 4284;1051 11060;11713 13221;12322 14349;3613 2010;6735 7770;14642 15650;12615 13025;3514 2885;8547 8397;4028 16217;15539 8397;14656 10263;907 4429;15246 2917;8708 2737;14186 14243;7882 4830;268 5899;9967 4095;1754 4755;14309 4711;86 8935;5710 4589;5912 842;6268 442;4093 5658;11724 9821;14313 15157;15547 3724;14158 3852;16119 6686;977 419;8565 14879;6272 5021;7557 8626;11740 14135;8697 1755;13527 10057;10955 7920;2506 7012;8507 12289;15650 6323;12972 6706;2445 1499;14556 3978;7162 5204;9585 13268;15078 14411;5341
13652;3959 13337;15850 11252;4732 4598;217 663;603 8580;6578 9351;661 16368;14691 7143;7550 10420;11956 14888;15671 2609;4336 13261;1170 6263;7692 14050;5040 4259;9646 3872;6663 13749;10995 14991;9679 11724;873 13359;50 9388;4282 15129;1431 2582;6489 13494;5707 13695;6452 13992;5446 11368;10708 13066;10869 15771;10714 6541;14080 2419;1890 8545;675 4683;1019 12542;10052 13891;3956 2631;14440 5396;10568 2827;3167 13692;8668 12424;11319 3453;15330 7246;9928 7037;4063 1131;3997 1895;1640 10854;8197 14336;11538 3045;11739 6305;7760
4829;14073 6052;2069 10730;13539 3150;1952 3280;14757 909;8188 12825;2574 15710;10104 15226;7938 10353;10217 9210;11986 9654;10203 3920;9102 590;6182 2404;9205 4774;13507 2747;3627 3291;10695 751;4803 2763;12238 1805;13156 3340;9923 3289;3450 15695;7751 3575;11985 2849;14006 13804;12729 3440;10497 688;7332 1982;15681 8777;8360 14746;3372 11900;7593 7025;15591 577;7006 14237;4309 2731;8845 419;16142 9841;6584 11333;13481 6784;7173 5445;15950 2056;11556 8003;12607 3715;16310 14209;16110 15774;10437 14446;5135 561;4667 15757;7664
8798;9080 11823;1421 11518;6457 5423;11616 14058;12312 6443;10142 5763;14581 4990;12593 12551;8994 7238;4294 1394;4973 5402;16012 4060;9696 15323;11808 14454;16137 14861;7098 6535;12425 6648;3058 16345;7765 7015;3473 9834;3794 6683;10592 1436;456 7231;15267 3545;2884 10446;4716 14846;3983 10953;769 10182;2034 4268;16306 12615;11792 10808;11226 9801;9150 8273;12765 1953;8129 4416;1224 2331;5525 12714;9181 5942;8165 3279;8974 7461;8372 7450;1018 13204;8693 10787;13707 6490;11561 4100;10852 13937;5767 11792;13528 14771;11065 6172;14421
12179;2585 5234;2342 14580;12383 531;12605 552;4967 13393;15166 14477;13926 9245;13296 8602;6522 14955;13470 1669;3932 6543;162 13907;14682 3609;11924 16322;14685 3969;11394 15269;1709 2300;16261 3486;2030 3713;2704 7792;667 11428;12713 11276;4430 10280;9682 3244;14056 13602;15506 1584;14308 7104;12094 15441;9079 2900;6260 1489;431 8118;14004 14524;8040 11414;12159 12901;14483 2626;11334 15513;12108 8579;11979 11096;2170 3521;15361 1441;9177 4242;9861 10477;14662 10764;7383 10129;5723 7513;1488 16061;15449 3759;8036 10986;2259 6177;3311
6635;3809 13827;12444 15234;4650 1367;3421 9521;11085 15432;6121 4770;4006 14379;15650 7164;11959 8501;16269 8069;5736 7752;41 9613;12047 16096;2668 14665;4572 12091;6138 4143;2614 2835;8301 7136;7273 13410;10176 13524;11698 13477;12281 6745;12882 4876;10097 10764;496 6497;10361 1697;8031 9393;16247 15763;15455 11514;10210 6218;14819 15792;4796 10833;9614 13470;14728 4592;7931 1432;15135 12605;6700 13887;7096 3331;13711 14475;10644 6679;14052 9853;1347 10945;16073 2987;14467 12492;14564 15271;6969 12727;11405 750;3345 5224;9759 5852;11072
5371;6153 2468;8419 6823;2583 12654;5589 2943;903 4761;15268 11340;15661 9834;6051 13318;5201 10423;288 3173;1601 3377;6227 2784;9152 11170;1661 15726;12284 9304;2315 11533;9841 14318;7655 9656;9177 2164;13345 3212;15306 11865;13930 13546;2046 7482;8946 4422;14416 12253;2695 6900;13469 11122;13959 10417;12176 14573;9686 8468;8394 311;13076 15983;8984 2435;1999 9470;7932 7705;5555 16319;3675 14985;5707 5399;11177 8030;4028 8889;2078 1404;12687 7374;10626 15689;14759 12730;9242 5694;1837 12196;12404 13399;13485 4964;8292 553;70
4170;3686 12895;1774 11965;15488 13306;5103 4529;344 2561;1335 8851;6288 15994;9494 7826;3374 2721;4380 3687;11651 7310;8063 5080;6088 9894;6367 9141;4017 10066;1624 10745;12403 3421;7022 7243;16308 24;4901 2105;4257 2336;14573 2963;3671 3585;8755 11591;15802 3560;3290 1819;2528 982;13982 5821;15662 12374;13579 6747;3232 9478;7621 612;1358 14317;15946 8534;5777 13694;10145 446;16233 11237;13380 15802;7277 8650;1676 10460;2129 5116;2173 8244;10503 698;14042 8560;10058 13322;10592 6385;3746 8445;3128 6464;10979 601;14314
2107;14278 4651;12256 9090;1856 1731;4057 8394;10384 11201;14504 13450;10315 10716;3156 13371;12977 7148;4850 7481;13743 2091;6022 14743;81 15228;11410 7369;16178 6440;10816 9660;10992 8268;1483 15903;12647 9196;9565 1283;5516 6739;9775 1308;3148 6211;9318 3071;12846 6565;462 12572;8070 11797;3828 3640;15592 15990;6240 1901;2162 10206;701 12338;1954 2175;1453 14879;6190 306;14044 404;13285 15909;6204 3419;8598 11666;11665 13465;10376 14105;4161 7672;14421 5975;12215 7810;13220 14943;9958 6883;9017 2469;8793 5273;6715 4739;10977
8965;11981 7327;3176 4438;6141 7749;7599 2122;9511 5502;6257 5049;1058 14343;2284 14382;14957 14562;727 9008;12608 4429;666 14764;13974 2074;15268 2489;11989 4994;699 4139;3843 3702;1966 11638;5795 14860;2917 8638;15057 16058;8856 14739;16136 11820;12784 16285;6100 11364;2291 16337;3904 12247;5234 7776;11894 10235;9960 8520;562 2717;13611 11114;3272 12685;11613 9679;10116 14605;4774 15475;2684 3788;1390 12548;8840 11452;8407 5499;4322 8025;16067 14963;2435 13345;1292 12570;15247 1009;11269 5856;6318 11125;9139 5693;4072 6507;9445
14306;11659 2366;11595 5794;9033 9125;7010 3535;12593 10740;9291 4142;4309 4222;6060 12555;14752 728;5137 15036;6577 13645;681 7512;15148 5809;7703 11357;13243 5801;11721 8992;9557 10952;8230 3132;9397 9110;15087 14473;14064 3679;986 11531;4232 6861;11859 3385;14416 2598;1418 13920;7132 2734;2136 10662;6647 78;11583 9424;11487 2322;2909 15292;14723 10767;4921 14167;11750 6863;1926 14561;16052 12953;5605 8296;16179 3817;11040 13792;9424 12987;9495 165;16024 3285;11351 15393;5557 1080;13288 4268;13518 16377;9797 15145;15701 1975;36
11905;4781 10053;14550 15766;11917 2701;11092 846;12550 6743;8387 16063;4708 16042;8008 9494;16351 4438;4564 10111;11845 10452;9607 14310;15241 10305;9181 3783;3315 3750;13889 8463;5843 12888;6036 8874;2425 16170;4436 8040;5058 15518;7870 5617;7095 5781;12524 2442;15730 6986;10229 5655;6103 3937;4876 5193;8020 2278;13316 9337;5083 6125;13588 4511;12069 14497;12486 13695;6009 13731;10573 6363;10644 2695;14872 12212;7238 1145;11340 14187;6428 2614;14283 3284;13731 4737;3495 10828;10843 3322;5234 13622;14694 15550;7296 11861;2251 8091;16031
14044;13130 1303;5747 13846;2458 16255;2982 12287;4030 7387;5256 793;8857 5760;10353 11388;15086 4777;8113 16353;5726 7154;2645 3518;13055 13966;13117 1838;5717 6503;1957 6964;15972 6664;465 1483;9880 7344;9440 4597;6031 5522;3807 4459;2051 7279;14632 12441;12786 12472;6996 12630;5725 16376;4603 5402;15582 11504;740 8843;8916 5774;13246 2193;15114 1981;13298 8869;7098 5692;14892 3499;9777 2791;10734 15056;3034 13511;12592 11456;10447 13900;16212 9288;9786 6655;1056 4428;14376 12692;2663 12121;11078 1466;5931 4817;3058 2011;1200
5460;16145 3725;932 15290;4265 12911;15132 3274;320 7034;1548 1952;1138 11352;12819 6218;8322 9272;12729 10726;12171 10831;1633 5515;15742 8553;13213 13739;6776 10188;8443 5160;14960 8072;4964 14036;1496 15427;4528 10582;3619 9337;14184 13327;14719 8117;4642 5632;6646 514;13648 10407;403 10519;3910 9324;7544 2987;12093 3302;8786 9292;9913 8491;10756 12730;8785 15205;11283 8624;99 1058;13133 15995;8510 10308;11081 4960;7446 15311;842 7792;15038 14342;12581 12779;3524 7926;12424 14315;466 2661;9112 13025;5759 1509;242 8620;4743
1322;9325 8805;15475 15894;6862 909;964 4817;12454 8499;11386 10444;4300 6229;15484 8176;7116 11999;1272 9805;11873 8879;6055 10813;15017 14661;7013 11568;13347 13080;10211 10958;13343 12140;4856 7822;11241 6136;413 3536;16131 2112;2156 1423;10255 15509;14188 74;5732 4647;13022 480;6251 5928;10909 9443;7709 13049;10446 6933;10947 4636;13973 14235;5129 1036;13391 10945;9568 5878;5057 4107;15127 10569;4231 11018;5037 3673;5177 2434;12090 9724;1669 1545;14038 815;4443 7977;678 1218;11840 692;13604 8831;1969 739;9769 11490;5457
6954;15773 3399;13235 7180;12296 12645;15017 10115;15565 7506;1795 13141;5808 2696;11351 6190;7102 6350;1062 6275;9479 15876;8485 14876;2373 7398;13240 1493;4305 15568;9870 11983;2258 563;15199 11552;11309 12865;10166 8529;10975 10730;9413 12616;11656 8724;12388 4420;11396 15874;6171 5896;14842 2143;7309 3107;1395 14864;13079 12034;88 12276;8641 7323;9523 3583;15170 8872;1058 10446;3696 6078;2383 6032;12046 9548;14701 10978;14035 15912;12483 2727;12322 4499;1048 1334;5901 10305;14636 11300;9428 13289;3662 15518;11510 8930;11562 16094;1644
10508;15233 12706;15403 486;13118 11493;5486 4192;16188 1827;2562 15836;10137 5095;9212 6115;4052 6385;11912 12409;13190 9680;2790 8352;3845 4727;5103 13436;12122 2942;13453 8420;5117 11125;11207 2973;1280 8703;11521 300;915 13072;16086 15870;8922 1592;7505 14514;5450 9406;2548 9507;6161 12181;15616 9610;1271 1842;5977 1124;11513 5120;6678 1044;564 1969;12867 12351;13300 15515;7694 150;12577 10436;12071 5410;10279 3325;10945 9686;96 11746;4388 11982;14690 2837;4315 8896;14899 12771;4661 12015;7660 12410;13861 2286;2215 2269;444
13185;11298 14959;1937 15456;9524 12883;2551 15154;6182 2102;2290 5710;7783 13106;15013 1570;14813 9250;14595 12759;16319 13216;13590 280;15071 3536;5772 821;14488 12055;540 14452;13283 2386;6308 12244;8683 10686;14761 8110;7086 4195;8584 9860;12881 12475;12151 14767;12860 4122;6452 11624;4879 11968;5981 7687;3473 6255;12828 859;6418 4750;16363 13879;5517 3461;8266 2622;9958 9963;8303 7729;5859 2048;80 13880;11884 4354;1235 4582;7770 6960;4330 13988;10617 11203;7839 596;1783 13558;14419 13198;13220 11281;12570 2791;3876 13795;4798
5033;12171 7076;10913 4260;8830 15246;15916 1223;5220 3246;3094 4815;4051 9081;15387 14607;8592 11322;15332 9566;7002 1816;6078 13003;1928 2950;4052 11386;2052 7709;1308 3946;5993 7560;14018 16323;2799 3862;8761 2837;15141 14323;14453 7174;9896 604;10609 11272;6787 11222;16109 14537;9344 1589;14796 11787;8800 15442;2889 14228;3206 16127;7921 7378;9408 7714;5166 12620;5497 14838;14535 5099;15049 15897;6866 9838;4096 929;1836 4694;12734 3952;16287 1437;2552 8215;13560 14156;7997 6109;3707 7284;4029 11451;445 5530;14571 4295;5911
5262;2919 4260;8317 4573;16010 2766;13179 8255;2746 10964;1403 14316;9753 490;7442 10216;12070 10705;13510 6850;2945 1566;7436 10670;13076 8952;9862 10937;9905 16048;742 3212;2882 7270;3399 13183;15537 8682;6667 9931;12855 1633;12048 11602;8560 16179;4905 10203;10108 7749;6108 12785;12748 11285;1517 13623;5114 7992;12620 16075;11981 2251;2730 6291;8184 266;373 13671;5238 9388;15131 7746;3818 4315;14266 377;10227 3416;9638 12630;12454 11030;1029 13467;2781 2084;11374 8984;8090 2309;15033 16091;8773 6113;10043 6769;7685 12460;15558
12920;4581 1356;11324 10179;11538 8279;212 14625;11677 9055;8572 10543;12986 2889;12330 2093;5283 15552;9909 2653;11376 10272;4004 14568;10985 14984;910 15050;1691 11610;8572 12758;6114 10365;5504 13567;14697 9060;5112 1193;4519 15960;13380 8321;1616 12274;9362 3217;3824 2241;13005 14309;6668 10457;9851 12405;14777 12565;16143 11157;12492 6379;3909 13073;12298 13556;12683 14908;9140 11401;4978 13174;16373 9296;6481 9781;206 14102;12479 10110;7836 11778;323 3923;14015 11833;2823 12619;6980 10125;1513 2145;14535 4797;13433 14386;165 4281;8992
15922;1967 2909;8398 9650;14428 5481;7467 13851;1658 12363;6013 3440;5704 1450;5675 2510;11056 12851;16324 8157;12829 7619;16192 5313;13562 9035;5371 3579;10354 3274;8486 1979;7008 13268;14690 15341;15442 10904;13999 1664;8877 12143;12564 2258;9576 737;16292 4867;11282 13307;5506 2092;5970 15685;4490 6293;12612 13839;1876 4562;195 16017;14417 10728;9246 13166;2294 1181;8724 8931;13972 13178;9726 11660;800 16172;11549 9013;8923 971;12782 13361;14607 10781;8395 7478;15606 6755;12290 8514;10199 13832;1357 1883;8947 11710;12534 13431;12832
10185;3658 7744;3188 2098;2688 14184;3795 13335;15142 3336;7881 15173;13963 16163;13962 1076;3515 13456;2948 14299;12649 15214;382 995;8723 2495;14035 6664;7038 3910;3320 4267;4937 1656;8782 9812;7623 10826;5334 2681;10963 7194;1260 5503;14572 1282;13081 7246;6399 14804;6005 7164;146 16199;11554 7089;10073 3401;10467 6493;3683 10627;7052 5449;13980 9833;3510 2913;12612 16075;3925 927;11222 7185;10288 101;1727 48;7256 1528;12704 12618;10120 5022;1730 15736;9830 13044;9115 4040;10035 15806;4685 9024;13434 7163;7261 11953;5935
13323;4166 8581;8768 15433;12121 12493;426 11951;3100 10586;3588 10052;6452 10428;8527 16295;9317 7225;5850 4213;9049 1255;2187 8895;8259 4708;9077 16175;6329 10454;6004 7589;15423 6593;263 10186;15060 11546;11091 10393;10557 14802;11641 15199;10312 8630;4461 9624;4228 9508;5893 1628;5936 918;4711 11534;14979 3013;16352 11998;10039 6224;10927 9556;12014 15960;2808 2354;8415 5893;12555 15067;3604 15305;15158 4861;14535 10570;2564 7605;15766 8412;9555 10854;8080 8614;5276 10396;2865 14966;14652 4169;2124 2390;14825 1422;8828 14400;7427
10846;8274 6747;14118 897;7181 10366;6751 4932;13937 7714;5842 8060;1293 237;4954 3037;16102 15628;6973 1089;2273 1252;6603 7027;1186 3586;6712 12677;8136 4971;6655 4377;10509 10545;14171 7353;3505 5234;3709 12826;5452 9341;1944 11271;6184 5993;10401 10181;12615 13217;13922 11196;8560 75;16150 14057;5795 10563;548 3652;4701 7537;10373 12843;1789 2666;5013 9658;9283 10708;11974 12526;11781 2101;4202 5704;14178 7323;15339 6909;10899 2138;6115 16250;10896 12734;2186 4395;14811 10185;5335 2638;8923 4707;10035 8837;13019 5655;16034
10651;7037 12402;4054 5461;77 3223;16365 10641;12154 757;530 4694;14907 14091;1867 10864;6249 7541;15310 14453;8272 10007;887 4813;5881 5991;5753 1633;2381 8190;15123 9280;9034 9280;9019 8074;7026 10893;2980 11734;7343 6283;4924 14503;5446 13719;11112 5658;14964 9236;8090 12342;3600 2670;1164 10002;14284 905;14560 15938;10168 4146;12302 9500;8013 6481;3292 16166;11403 15493;12879 2571;13291 14089;9674 8958;1580 9151;10840 15400;15880 11728;3077 1218;6797 7640;8477 2501;15817 13936;10468 4659;12075 10573;5127 4121;11426 11873;11945
1442;13112 6226;13333 1136;4569 336;16236 15002;726 10312;7981 5745;14066 9150;12603 7421;6126 10006;6155 4211;806 15646;9513 6864;11598 15686;11685 15477;11679 3243;10791 5914;7083 5989;8443 8483;4149 12078;7210 9515;10356 15550;9661 11468;11864 14102;5099 2510;8377 9377;6012 4297;15343 1189;4718 10325;11092 3978;10854 12700;6980 13969;6106 6328;16232 3214;15619 7737;8415 10019;2940 10981;7523 9935;15488 249;14124 13885;16356 5069;2817 15023;3061 11238;13353 6903;13226 10211;8936 9687;2968 520;7465 9092;13561 7544;2952 10267;15002
3652;12037 9775;848 6782;6476 8117;15420 6246;2308 12373;12441 1786;502 3617;1499 14310;5118 15735;6135 1646;6390 1640;10516 1050;9995 10866;1756 4268;3373 2488;2775 4270;1634 13678;10518 11124;4803 10729;9724 9244;8361 9765;12209 15405;1357 3465;13453 1795;10741 13805;16081 4590;7904 9394;2544 10489;7280 14820;13468 7838;9193 160;970 10233;100 11743;4276 7703;4994 5217;1709 1675;9944 2434;10647 8401;3738 10266;14281 3370;15148 1295;12790 6280;14614 15273;4975 12648;14949 7765;5782 6979;6714 14674;7361 11824;14156 2620;12748
6545;12819 11327;12576 14203;7369 2710;14336 15464;7371 12988;1806 9007;6485 7016;5511 1422;11335 5734;3537 152;1821 5704;15354 9886;9181 6583;156 10060;16220 1661;4745 2099;12776 7213;3485 1496;3866 13043;8821 13381;9624 15074;11950 10295;16143 8178;11783 15547;12319 1672;16102 3371;1959 13506;9802 4004;595 2861;13835 12668;9737 3532;10444 12631;2351 14826;16343 14231;3656 3815;5350 3345;11492 1976;9041 275;12801 1246;7300 13106;2114 2242;6958 12251;15260 4410;15106 13479;3904 12887;7666 4997;14145 13863;12600 4528;3273 431;8861
1920;11607 9414;3114 10853;553 2277;11051 13723;11016 10858;4215 1689;850 5962;3158 4229;7866 1545;11022 8696;11481 5433;1956 10551;2131 2577;15424 12597;561 16331;6609 312;1699 14845;14497 3201;9195 13251;7485 11272;1114 3925;12279 4703;8095 10845;3637 12520;12432 15520;4177 11922;7242 12065;6962 11663;2404 8304;12562 14199;6002 10261;14832 15055;1671 9857;5802 3014;2344 3622;14011 609;11702 4101;13740 667;5725 9911;8595 5518;597 1969;328 5807;14900 12978;6593 9050;7280 540;1742 15741;258 6977;1578 11510;15327 13783;15674
4716;4274 10096;1595 1471;9892 13021;1257 9571;3154 14864;5337 3229;2654 2936;6783 5222;8447 14826;13237 7004;12934 7629;13195 7701;15797 6830;999 10382;12000 5763;8797 5120;5810 16292;11555 1965;16007 817;13236 14784;10451 9620;8962 4802;15834 13307;15929 13878;12641 9196;13620 6340;12006 2469;4412 975;183 10628;9433 10940;15792 5907;5588 814;12284 7213;14040 4494;6873 14845;2759 15565;4824 13938;10308 5635;12433 14647;2520 13255;181 8505;2098 5005;4161 4902;14578 13606;357 7282;1670 3751;16158 12682;12695 1330;2954 2831;1536
13828;821 13457;15299 13550;5024 11317;11515 5782;14976 12646;382 87;11630 11659;3324 6337;8144 7329;5052 7831;12615 5915;2099 7502;11068 9322;89 9090;14825 5048;6150 38;13265 14684;3326 15049;8171 3429;1623 9682;9088 12609;12700 7049;6533 14292;2136 2270;9882 2377;8662 6873;6107 14218;14028 15228;2585 6693;6704 15230;6816 5664;7722 252;13635 2722;15293 139;1686 10723;3407 750;5377 14895;1657 8147;2803 14402;10195 13397;10373 13990;14233 14521;5313 12191;3695 13730;10355 7724;14067 11234;12195 6051;11509 15058;15110 1841;5178
5852;1489 2953;11075 5615;4527 13953;6585 3881;12795 13357;7218 5556;9621 1150;12426 16254;1888 3238;4726 10646;4690 8266;14058 151;5801 15902;348 10912;1908 6446;16280 12292;1506 5239;15581 2193;13082 957;13809 7609;5547 12332;2449 10771;8445 10873;6279 12502;7448 11481;15131 3734;5037 1477;8544 7190;10425 14546;7225 12102;5635 12982;2075 8478;14860 3012;2780 15615;11620 2768;4133 14923;9810 4076;3541 10117;11900 7144;2720 2307;1237 8886;14668 6914;16197 2239;6410 7984;16242 5986;13186 3847;2915 6324;4869 8479;10137 6096;6377
