128 128 12
75;11 126;102 48;20 92;60 25;123 119;70 99;8 122;42 22;25 105;67
98;28 95;32 55;109 51;38 81;98 66;103 3;103 35;80 59;80 73;26
75;6 54;66 2;106 47;2 61;115 24;32 45;63 16;47 27;75 21;48
107;106 93;66 19;23 6;6 82;112 26;59 125;73 79;16 18;10 33;103
88;65 97;31 24;126 43;8 53;6 39;63 14;106 123;13 119;90 5;93
26;92 63;128 99;92 37;91 81;117 28;115 43;10 89;44 6;20 22;12
30;42 27;14 8;53 15;44 93;51 36;2 84;34 67;108 118;113 95;93
83;29 19;46 90;119 3;37 115;126 72;107 83;107 26;123 123;95 30;43
15;95 92;26 71;81 58;52 126;27 78;102 39;116 72;9 82;114 88;57
114;28 101;55 67;16 59;117 63;4 32;0 71;38 99;33 35;68 11;92
