128 128 24
55;80 120;15 28;51 58;98 24;71 86;120 118;103 90;90 37;64 57;38
112;70 126;125 42;107 13;63 105;60 40;49 67;40 38;38 112;85 4;89
116;31 56;8 62;86 117;74 127;18 94;106 65;30 2;66 52;42 57;58
56;0 121;82 53;118 23;80 115;24 94;34 97;122 82;106 66;32 91;28
109;16 22;70 109;17 109;48 36;28 69;99 70;78 66;23 55;69 1;51
51;41 101;67 47;90 104;59 82;78 90;109 13;17 21;46 49;112 96;75
79;30 68;36 126;97 115;53 84;109 94;5 39;96 30;67 84;97 79;38
41;103 111;51 111;7 121;102 7;45 37;70 123;50 83;9 6;7 17;27
25;37 110;3 63;103 39;38 50;126 125;24 21;58 10;76 79;14 86;119
32;76 122;94 78;111 75;68 118;98 102;27 3;60 19;70 13;26 110;7
