197 15 4
3;4 6;12 9;10 12;3 15;3 18;7 21;10 24;11 27;12 30;5 33;10 36;3 39;11 42;12 45;12 48;8 51;5 54;4 57;10 60;8 63;5 66;5 69;9 72;6 75;5 78;5 81;12 84;4 87;11 90;5 93;11 96;10 99;12 102;4 105;8 108;7 111;9 114;8 117;7 120;8 123;11 126;12 129;12 132;12 135;4 138;7 141;8 144;12 147;7 150;12 153;10 156;7 159;6 162;10 165;10 168;12 171;7 174;12 177;5 180;8 183;11 186;9 189;7 192;10
3;11 6;10 9;7 12;7 15;10 18;12 21;6 24;7 27;3 30;4 33;12 36;10 39;6 42;8 45;9 48;9 51;4 54;5 57;5 60;11 63;8 66;4 69;5 72;8 75;10 78;9 81;6 84;11 87;5 90;3 93;5 96;9 99;7 102;12 105;10 108;5 111;8 114;11 117;10 120;4 123;12 126;10 129;8 132;5 135;11 138;11 141;3 144;10 147;5 150;11 153;12 156;5 159;9 162;8 165;6 168;8 171;12 174;8 177;3 180;7 183;8 186;5 189;6 192;5
3;5 6;5 9;5 12;8 15;9 18;11 21;4 24;5 27;11 30;9 33;8 36;6 39;3 42;11 45;5 48;5 51;10 54;11 57;12 60;10 63;9 66;3 69;3 72;3 75;9 78;10 81;3 84;5 87;8 90;9 93;3 96;8 99;3 102;7 105;9 108;12 111;10 114;4 117;3 120;12 123;10 126;5 129;11 132;4 135;3 138;3 141;11 144;7 147;9 150;5 153;9 156;3 159;5 162;6 165;8 168;4 171;3 174;9 177;7 180;4 183;4 186;3 189;11 192;8
3;10 6;3 9;12 12;11 15;4 18;8 21;9 24;9 27;7 30;10 33;3 36;12 39;5 42;7 45;11 48;3 51;9 54;8 57;9 60;5 63;10 66;7 69;7 72;4 75;11 78;12 81;8 84;3 87;9 90;4 93;8 96;6 99;4 102;3 105;5 108;8 111;5 114;12 117;12 120;11 123;3 126;11 129;5 132;6 135;12 138;9 141;9 144;5 147;4 150;4 153;8 156;11 159;8 162;5 165;4 168;6 171;4 174;4 177;4 180;3 183;9 186;7 189;4 192;12
3;8 6;4 9;4 12;4 15;6 18;3 21;12 24;10 27;6 30;3 33;7 36;5 39;10 42;9 45;10 48;10 51;8 54;6 57;11 60;6 63;4 66;10 69;11 72;10 75;6 78;3 81;5 84;9 87;7 90;8 93;9 96;12 99;8 102;11 105;11 108;4 111;6 114;9 117;9 120;7 123;9 126;7 129;10 132;9 135;6 138;10 141;7 144;11 147;12 150;3 153;7 156;10 159;11 162;9 165;5 168;5 171;8 174;5 177;11 180;9 183;12 186;4 189;10 192;11
3;7 6;8 9;8 12;10 15;8 18;5 21;3 24;6 27;5 30;11 33;9 36;9 39;12 42;3 45;4 48;6 51;11 54;12 57;4 60;12 63;11 66;9 69;8 72;7 75;3 78;4 81;11 84;12 87;6 90;12 93;4 96;11 99;11 102;5 105;12 108;11 111;12 114;7 117;5 120;6 123;5 126;3 129;7 132;7 135;7 138;8 141;5 144;6 147;10 150;8 153;4 156;4 159;12 162;7 165;7 168;10 171;10 174;11 177;12 180;6 183;6 186;8 189;12 192;7
3;3 6;9 9;6 12;6 15;7 18;6 21;5 24;3 27;8 30;6 33;5 36;11 39;7 42;4 45;7 48;7 51;6 54;3 57;8 60;7 63;7 66;11 69;4 72;9 75;8 78;11 81;9 84;8 87;4 90;11 93;7 96;7 99;9 102;6 105;3 108;6 111;4 114;3 117;8 120;3 123;8 126;6 129;6 132;3 135;9 138;12 141;10 144;9 147;3 150;6 153;5 156;8 159;4 162;11 165;12 168;11 171;6 174;6 177;6 180;10 183;5 186;6 189;3 192;4
3;9 6;6 9;3 12;5 15;12 18;9 21;11 24;8 27;9 30;7 33;6 36;8 39;4 42;6 45;6 48;4 51;12 54;9 57;6 60;9 63;12 66;12 69;6 72;5 75;4 78;7 81;7 84;10 87;12 90;7 93;6 96;3 99;10 102;9 105;7 108;10 111;3 114;5 117;11 120;10 123;7 126;9 129;4 132;10 135;10 138;4 141;12 144;4 147;6 150;10 153;3 156;12 159;3 162;4 165;11 168;7 171;9 174;10 177;10 180;11 183;10 186;12 189;5 192;9
3;12 6;11 9;9 12;9 15;11 18;10 21;8 24;4 27;10 30;12 33;4 36;7 39;9 42;5 45;3 48;12 51;3 54;7 57;7 60;4 63;6 66;8 69;10 72;11 75;7 78;8 81;10 84;7 87;10 90;6 93;10 96;4 99;6 102;10 105;6 108;3 111;11 114;6 117;6 120;9 123;4 126;8 129;9 132;11 135;8 138;6 141;4 144;8 147;8 150;7 153;6 156;9 159;10 162;3 165;3 168;9 171;11 174;7 177;9 180;12 183;3 186;11 189;9 192;6
3;6 6;7 9;11 12;12 15;5 18;4 21;7 24;12 27;4 30;8 33;11 36;4 39;8 42;10 45;8 48;11 51;7 54;10 57;3 60;3 63;3 66;6 69;12 72;12 75;12 78;6 81;4 84;6 87;3 90;10 93;12 96;5 99;5 102;8 105;4 108;9 111;7 114;10 117;4 120;5 123;6 126;4 129;3 132;8 135;5 138;5 141;6 144;3 147;11 150;9 153;11 156;6 159;7 162;12 165;9 168;3 171;5 174;3 177;8 180;5 183;7 186;10 189;8 192;3
