128 128 4
99;78 93;111 97;107 98;85 98;75 105;34 117;49 117;46 114;38 113;36 116;38 119;47 119;104 119;107 119;111 118;85 118;68 121;69 70;112 67;112 98;114 104;113 89;115 87;113
62;52 63;55 82;94 63;54 82;90 63;59 54;41 39;22 55;45 40;23 30;13 56;46 40;35 40;32 42;41 44;49 36;13 47;70 80;106 76;104 75;103 64;94 57;85 71;96
74;44 82;38 71;44 80;40 66;46 84;34 109;71 100;45 115;79 115;78 101;52 106;60 93;80 21;21 14;16 109;94 40;39 35;33 28;45 29;46 56;89 32;51 47;76 52;83
90;76 90;73 91;69 93;62 92;71 89;75 101;31 94;48 86;75 102;30 84;74 99;42 103;36 96;58 92;67 102;44 97;49 103;39 34;79 43;84 25;81 67;82 27;81 43;81
70;61 69;59 68;58 76;71 72;65 78;73 91;101 87;104 84;106 90;104 82;107 90;105 38;85 53;91 56;95 26;80 71;99 65;99 74;84 93;85 27;73 44;78 41;77 77;82
110;92 109;48 111;76 109;73 109;62 108;59 42;85 32;83 60;88 74;92 65;90 85;91 11;96 17;86 17;90 15;92 11;94 14;93 5;84 6;83 8;88 6;87 6;90 7;84
59;85 75;85 64;87 31;84 40;87 73;87 14;79 23;76 21;76 13;77 27;74 22;77 31;68 31;70 37;63 30;72 35;62 32;67 55;54 59;51 41;61 53;53 54;53 71;45
71;67 51;113 67;66 53;116 70;62 72;57 60;105 56;111 60;102 52;112 51;115 56;107 32;41 19;21 54;81 24;30 56;83 47;64 39;40 31;33 44;54 36;40 45;54 32;35
62;56 74;56 40;51 118;62 65;56 89;59 104;52 115;59 102;50 117;60 108;55 116;65 62;74 80;61 85;60 85;59 77;66 81;64 54;74 48;69 45;67 44;68 51;73 55;74
47;81 28;76 44;81 62;86 65;85 76;88 59;50 63;65 63;63 60;49 69;76 71;83 66;62 86;121 69;70 63;47 69;63 68;66 70;90 68;83 80;116 80;122 80;113 73;95
