128 128 12
63;39 72;37 86;30 72;35 81;31 66;38 62;44 64;42 67;73 66;71 70;113 66;85 69;62 67;101 68;75 71;34 68;48 71;42 107;58 111;56 75;29 108;59 80;34 87;42
46;8 73;18 66;16 53;12 44;6 101;25 30;19 43;6 33;17 44;9 32;14 43;7 37;22 33;19 51;27 63;36 88;52 47;26 58;67 57;65 80;61 53;66 62;64 38;67
63;61 56;64 46;75 65;59 45;76 69;58 44;72 41;71 48;67 49;68 42;72 44;68 62;55 66;52 84;33 87;25 97;14 64;49 114;35 101;16 102;16 103;14 109;31 119;46
45;52 83;91 66;77 69;75 45;51 79;88 76;84 65;36 61;32 64;33 73;67 64;45 39;48 48;45 57;37 38;49 61;37 45;47 27;52 23;36 22;42 23;35 25;49 14;13
100;72 98;59 100;88 97;50 100;92 106;113 103;120 69;73 96;110 97;114 39;27 95;111 57;11 59;11 46;19 50;17 50;14 51;14 64;20 70;38 66;29 66;23 71;33 68;29
62;52 75;50 33;66 30;64 100;39 45;58 22;70 29;73 22;68 32;74 22;66 29;70 41;89 38;84 33;78 35;75 52;108 49;105 68;107 54;109 52;109 63;108 71;107 53;106
40;104 28;97 32;97 39;105 30;97 34;97 52;92 66;94 54;93 51;93 60;94 51;91 59;75 65;89 67;93 55;71 56;69 43;38 87;73 73;57 94;78 61;48 99;81 97;81
40;69 56;89 48;80 34;66 61;89 47;79 58;81 58;79 55;89 55;64 55;73 57;71 69;92 72;102 60;63 68;95 69;90 60;67 53;80 71;110 55;78 42;57 34;38 32;33
109;43 92;47 108;44 81;51 100;45 109;44 85;47 55;45 44;45 95;47 101;46 60;46 79;72 64;62 45;40 44;41 75;68 52;51 52;58 48;55 41;52 78;80 37;46 54;59
62;67 61;83 62;97 65;44 65;65 62;65 83;71 77;58 83;68 76;55 83;69 69;43 92;67 94;54 92;81 91;85 93;74 93;78 62;42 56;42 75;41 59;43 94;36 88;35
