128 128 8
30;86 52;78 36;86 14;93 75;70 33;84 33;58 52;37 44;49 27;67 18;75 20;79 90;28 87;21 84;19 87;24 84;22 90;25 48;21 59;24 69;30 53;22 80;32 64;26
23;39 55;90 62;105 20;34 38;63 20;35 32;54 32;50 29;50 33;59 21;31 30;46 38;60 38;62 38;65 37;62 40;65 40;68 32;51 38;61 41;71 35;61 16;12 21;24
32;118 29;119 20;116 23;115 27;117 38;121 62;90 63;91 52;103 75;67 84;56 46;117 99;97 102;101 97;72 95;68 99;99 102;103 95;110 86;114 74;120 99;107 94;109 83;116
45;76 55;78 45;77 76;87 48;76 82;88 82;97 61;115 74;102 75;103 67;109 82;92 78;69 84;57 71;86 57;109 78;63 81;59 81;54 83;55 62;29 65;35 74;46 66;33
76;46 79;57 78;50 83;63 92;106 89;92 36;93 38;86 65;58 39;86 45;83 38;88 51;50 55;44 32;81 41;69 39;74 18;102 90;68 105;91 83;61 76;48 87;68 69;39
81;118 73;116 42;118 86;116 77;116 94;117 78;117 96;120 27;102 84;118 99;120 70;115 22;103 19;105 16;106 20;101 20;103 13;109 5;78 5;48 9;81 6;61 5;61 6;41
26;23 39;37 58;61 43;46 22;20 73;78 68;81 67;75 68;77 69;78 81;92 90;107 96;93 93;92 79;80 98;99 97;93 60;62 93;107 103;110 92;105 102;108 95;105 91;106
35;66 39;80 33;56 37;67 32;53 45;102 52;41 83;51 72;46 60;45 44;36 39;33 69;13 89;56 90;58 83;40 83;39 82;44 53;20 57;17 42;29 46;27 56;19 16;52
67;55 68;59 66;52 70;52 67;62 66;57 60;69 64;69 63;67 62;70 63;70 64;65 51;66 26;45 42;58 41;56 57;69 31;53 22;40 37;29 32;30 24;37 39;26 30;32
24;93 45;72 49;71 49;67 63;53 30;89 60;5 53;24 50;28 59;5 44;41 24;89 53;8 49;7 42;7 36;8 30;6 48;6 35;4 71;31 78;31 100;49 67;29 33;4
